0 0.1703125 0.1609375 0.340625 0.321875
0 0.671875 0.07734375 0.228125 0.1546875
0 0.84296875 0.34140625 0.1890625 0.1546875
0 0.921875 0.303125 0.15 0.23125
0 0.3625 0.78671875 0.075 0.0984375
0 0.309375 0.646875 0.13671875 0.1015625
0 0.3109375 0.50078125 0.10625 0.09609375
0 0.38515625 0.521875 0.0296875 0.065625
0 0.05703125 0.6703125 0.1140625 0.096875
0 0.0609375 0.475 0.1046875 0.0921875
0 0.28515625 0.44140625 0.0546875 0.0453125
0 0.9203125 0.68828125 0.159375 0.1890625
0 0.8765625 0.9375 0.246875 0.125
0 0.77421875 0.54453125 0.2515625 0.17734375
