0 0.30078125 0.275 0.4578125 0.55
0 0.765625 0.10078125 0.1390625 0.11171875
0 0.8921875 0.25859375 0.14453125 0.1109375
0 0.878125 0.02578125 0.159375 0.0515625
0 0.8515625 0.35546875 0.13671875 0.0859375
0 0.765625 0.2921875 0.1109375 0.07578125
0 0.26484375 0.7828125 0.5296875 0.434375
0 0.64921875 0.7625 0.1234375 0.171875
0 0.9015625 0.93828125 0.1125 0.1234375
0 0.79609375 0.92265625 0.10546875 0.14609375
0 0.97734375 0.93046875 0.0453125 0.1234375
0 0.6515625 0.5875 0.065625 0.075
0 0.5359375 0.85703125 0.0125 0.0640625
