9 0.69296875 0.90390625 0.18828125 0.190625
9 0.82109375 0.63046875 0.15234375 0.20625
9 0.4484375 0.95078125 0.15 0.09765625
9 0.94140625 0.4203125 0.11484375 0.18984375
9 0.2265625 0.51796875 0.1921875 0.29375
9 0.43203125 0.4109375 0.23125 0.3
9 0.50703125 0.6046875 0.17421875 0.2203125
9 0.7890625 0.45546875 0.1015625 0.15078125
9 0.30859375 0.94765625 0.1125 0.1015625
9 0.2078125 0.88671875 0.146875 0.2234375
9 0.65390625 0.40390625 0.1375 0.25
9 0.11171875 0.93828125 0.0859375 0.12109375
9 0.05234375 0.75625 0.1046875 0.21875
9 0.14140625 0.81796875 0.14296875 0.1578125
9 0.6078125 0.56328125 0.17265625 0.23359375
9 0.290625 0.31328125 0.1984375 0.28125
9 0.05390625 0.2875 0.1078125 0.15625
9 0.2921875 0.1515625 0.11171875 0.12109375
9 0.05703125 0.54375 0.1140625 0.22265625
9 0.65859375 0.13125 0.090625 0.13359375
9 0.4546875 0.234375 0.13984375 0.09453125
9 0.17890625 0.23046875 0.121875 0.14609375
9 0.31875 0.596875 0.20546875 0.23359375
9 0.609375 0.25234375 0.0890625 0.12578125
9 0.0609375 0.40703125 0.12109375 0.1421875
9 0.125 0.6828125 0.0890625 0.15546875
9 0.178125 0.33359375 0.06953125 0.109375
9 0.41953125 0.2 0.07109375 0.05625
9 0.53828125 0.32890625 0.1546875 0.3125
