0 0.3484375 0.0578125 0.09375 0.115625
0 0.2625 0.090625 0.109375 0.16640625
0 0.05 0.07109375 0.1 0.1421875
0 0.5234375 0.05546875 0.05 0.1109375
0 0.53984375 0.2953125 0.0984375 0.134375
0 0.1609375 0.04375 0.0875 0.0875
0 0.2484375 0.41640625 0.06015625 0.09375
0 0.31875 0.5265625 0.059375 0.046875
0 0.3765625 0.5296875 0.05 0.040625
0 0.23125 0.58046875 0.065625 0.0609375
0 0.4609375 0.58984375 0.1 0.0796875
0 0.15859375 0.57578125 0.0828125 0.0515625
0 0.534375 0.6375 0.084375 0.175
0 0.090625 0.640625 0.06875 0.14140625
0 0.54921875 0.83125 0.0796875 0.159375
0 0.26796875 0.8359375 0.0984375 0.178125
0 0.03984375 0.90859375 0.0796875 0.1390625
0 0.53984375 0.9296875 0.0640625 0.0859375
0 0.09765625 0.98125 0.0796875 0.0375
0 0.91328125 0.79296875 0.0890625 0.12265625
