16 0.1328125 0.12890625 0.2171875 0.25703125
16 0.3484375 0.0921875 0.2234375 0.18359375
16 0.57265625 0.096875 0.21875 0.1859375
16 0.8625 0.1046875 0.275 0.209375
16 0.071875 0.37578125 0.14296875 0.33046875
16 0.27421875 0.33125 0.21875 0.33671875
16 0.49296875 0.32109375 0.2234375 0.32421875
16 0.73359375 0.30234375 0.23984375 0.3265625
16 0.928125 0.3234375 0.14296875 0.33671875
16 0.14140625 0.6140625 0.23046875 0.36328125
16 0.36796875 0.61640625 0.221875 0.33046875
16 0.58984375 0.6171875 0.24140625 0.35703125
16 0.8375 0.59375 0.23828125 0.334375
16 0.97734375 0.6109375 0.04453125 0.24296875
16 0.07578125 0.846875 0.14921875 0.30625
16 0.2609375 0.8484375 0.221875 0.303125
16 0.4796875 0.85703125 0.215625 0.2859375
16 0.7125 0.8578125 0.24296875 0.28359375
16 0.915625 0.846875 0.16875 0.296875
