16 0.1921875 0.85703125 0.21796875 0.28515625
16 0.38125 0.3390625 0.1703125 0.3078125
16 0.37578125 0.934375 0.1703125 0.12734375
16 0.5125 0.7546875 0.19140625 0.35625
16 0.3515625 0.70703125 0.1484375 0.3078125
16 0.44296875 0.52421875 0.171875 0.1640625
16 0.6078125 0.40078125 0.29296875 0.30078125
16 0.25625 0.64453125 0.084375 0.14609375
16 0.73984375 0.85546875 0.27109375 0.284375
16 0.690625 0.63984375 0.20703125 0.215625
16 0.9140625 0.6921875 0.171875 0.28203125
16 0.91171875 0.51484375 0.1765625 0.1734375
16 0.93203125 0.40625 0.109375 0.08125
