9 0.38046875 0.178125 0.140625 0.11640625
9 0.60859375 0.2203125 0.103125 0.09296875
9 0.59140625 0.8078125 0.14609375 0.128125
9 0.55703125 0.56328125 0.190625 0.10625
9 0.72265625 0.24375 0.12109375 0.0875
9 0.29921875 0.73359375 0.15078125 0.1
9 0.77265625 0.40703125 0.10703125 0.0953125
9 0.8046875 0.3046875 0.07890625 0.0953125
9 0.72265625 0.47734375 0.13984375 0.11875
9 0.38359375 0.25703125 0.13125 0.0765625
9 0.2671875 0.51171875 0.11640625 0.1
9 0.4234375 0.7078125 0.10625 0.0890625
9 0.40859375 0.3375 0.1109375 0.090625
9 0.3515625 0.6015625 0.1390625 0.1296875
9 0.6296875 0.31171875 0.09296875 0.11875
9 0.61484375 0.48046875 0.11328125 0.090625
9 0.228125 0.73046875 0.10859375 0.0921875
9 0.5578125 0.67109375 0.14375 0.0953125
9 0.65234375 0.69609375 0.128125 0.13125
9 0.3203125 0.3109375 0.1328125 0.1171875
9 0.6125 0.41875 0.0953125 0.0734375
9 0.51796875 0.2328125 0.14921875 0.146875
9 0.44609375 0.4171875 0.1 0.08984375
9 0.725 0.29921875 0.10546875 0.1140625
9 0.525 0.48359375 0.09921875 0.071875
9 0.4640625 0.64609375 0.1046875 0.08359375
9 0.3125 0.39609375 0.125 0.084375
9 0.4265625 0.49609375 0.146875 0.1015625
9 0.2125 0.6296875 0.14375 0.1453125
9 0.678125 0.58359375 0.1046875 0.0984375
9 0.53515625 0.384375 0.1453125 0.1296875
9 0.36015625 0.66015625 0.103125 0.06171875
9 0.67421875 0.3703125 0.103125 0.0796875
9 0.45546875 0.5765625 0.0890625 0.078125
9 0.38046875 0.7765625 0.07890625 0.06953125
9 0.4859375 0.30625 0.08671875 0.0796875
9 0.35859375 0.4734375 0.115625 0.1046875
9 0.4859375 0.17890625 0.0875 0.0765625
9 0.27421875 0.621875 0.07890625 0.0921875
9 0.6703125 0.66015625 0.09296875 0.06015625
9 0.72265625 0.57265625 0.0875 0.0828125
9 0.49609375 0.48984375 0.70625 0.765625
9 0.45859375 0.7921875 0.16875 0.1015625
9 0.56640625 0.609375 0.1140625 0.040625
9 0.5234375 0.709375 0.11484375 0.103125
