9 0.02265625 0.1046875 0.02890625 0.053125
9 0.44140625 0.2203125 0.0140625 0.02890625
9 0.08125 0.93828125 0.0484375 0.0859375
9 0.1125 0.13046875 0.02734375 0.04765625
9 0.01796875 0.7828125 0.0359375 0.07265625
9 0.18046875 0.13984375 0.02421875 0.04765625
9 0.009375 0.878125 0.01875 0.053125
9 0.15390625 0.13984375 0.02734375 0.04765625
9 0.28671875 0.1921875 0.02109375 0.03828125
9 0.0640625 0.87109375 0.04296875 0.0703125
9 0.43046875 0.71875 0.02109375 0.03984375
9 0.58671875 0.2875 0.01875 0.0265625
9 0.35546875 0.734375 0.02890625 0.04375
9 0.27734375 0.6921875 0.02578125 0.04375
9 0.415625 0.22265625 0.0171875 0.034375
9 0.2390625 0.17890625 0.02109375 0.034375
9 0.2921875 0.7828125 0.02734375 0.053125
9 0.40234375 0.21015625 0.015625 0.02890625
9 0.1296875 0.80859375 0.0375 0.07421875
9 0.00390625 0.82265625 0.0078125 0.0546875
9 0.2609375 0.1828125 0.01875 0.03046875
9 0.47578125 0.240625 0.01171875 0.025
9 0.16796875 0.77734375 0.04140625 0.06875
9 0.53984375 0.28359375 0.0140625 0.03046875
9 0.48515625 0.2515625 0.0125 0.0265625
