9 0.53671875 0.103125 0.2609375 0.20625
9 0.23984375 0.16328125 0.2296875 0.2203125
9 0.06171875 0.271875 0.1234375 0.2265625
9 0.1703125 0.80546875 0.2765625 0.2984375
9 0.81640625 0.771875 0.3234375 0.353125
9 0.4125 0.29140625 0.2546875 0.203125
9 0.553125 0.46484375 0.2703125 0.21640625
9 0.43359375 0.59921875 0.2796875 0.18515625
9 0.35546875 0.4109375 0.23828125 0.16796875
9 0.79140625 0.51328125 0.21640625 0.1765625
9 0.953125 0.22890625 0.08984375 0.16484375
9 0.80390625 0.19296875 0.28515625 0.21328125
9 0.49921875 0.4984375 0.9984375 0.98984375
9 0.84921875 0.3796875 0.2046875 0.1734375
9 0.51484375 0.8140625 0.31328125 0.33515625
9 0.04609375 0.7046875 0.09140625 0.26328125
9 0.1015625 0.45234375 0.203125 0.16171875
9 0.0875 0.5484375 0.175 0.10703125
9 0.678125 0.59609375 0.23359375 0.11171875
9 0.95 0.38515625 0.096875 0.21640625
9 0.6515625 0.2625 0.23359375 0.1546875
9 0.64140625 0.37421875 0.25703125 0.13515625
9 0.37578125 0.815625 0.2046875 0.2953125
9 0.92578125 0.6609375 0.1453125 0.28203125
9 0.303125 0.5140625 0.25 0.19140625
9 0.153125 0.37265625 0.16015625 0.1546875
9 0.1578125 0.625 0.25859375 0.146875
9 0.2109375 0.3234375 0.175 0.15703125
