12 0.34134615384615385 0.9699519230769231 0.2091346153846154 0.057692307692307696
12 0.3894230769230769 0.9074519230769231 0.21875 0.18509615384615385
12 0.1622596153846154 0.8677884615384616 0.18990384615384615 0.24759615384615385
12 0.17908653846153846 0.65625 0.20432692307692307 0.22115384615384615
12 0.30528846153846156 0.7439903846153846 0.19471153846153846 0.2091346153846154
12 0.5060096153846154 0.6298076923076923 0.21875 0.23798076923076922
12 0.7920673076923077 0.9194711538461539 0.17548076923076922 0.16105769230769232
12 0.028846153846153848 0.17427884615384615 0.04326923076923077 0.1875
12 0.08173076923076923 0.27283653846153844 0.15625 0.24519230769230768
12 0.17668269230769232 0.44711538461538464 0.18990384615384615 0.18990384615384615
12 0.15384615384615385 0.08774038461538461 0.1875 0.17548076923076922
12 0.2692307692307692 0.1875 0.18509615384615385 0.18990384615384615
12 0.3112980769230769 0.3485576923076923 0.18990384615384615 0.2091346153846154
12 0.5901442307692307 0.15264423076923078 0.2091346153846154 0.24519230769230768
12 0.7067307692307693 0.0673076923076923 0.22355769230769232 0.12740384615384615
12 0.8004807692307693 0.22235576923076922 0.1875 0.19951923076923078
