12 0.9435096153846154 0.2776442307692308 0.08653846153846154 0.21153846153846154
12 0.8882211538461539 0.33413461538461536 0.21153846153846154 0.2403846153846154
12 0.8173076923076923 0.1141826923076923 0.2692307692307692 0.22355769230769232
12 0.609375 0.16105769230769232 0.24519230769230768 0.23076923076923078
12 0.7151442307692307 0.27283653846153844 0.23076923076923078 0.21875
12 0.6298076923076923 0.4879807692307692 0.2644230769230769 0.24759615384615385
12 0.9326923076923077 0.7283653846153846 0.1346153846153846 0.1971153846153846
12 0.11177884615384616 0.07932692307692307 0.18990384615384615 0.0673076923076923
12 0.21634615384615385 0.11778846153846154 0.2620192307692308 0.1875
12 0.4026442307692308 0.1875 0.21153846153846154 0.21153846153846154
12 0.07091346153846154 0.21514423076923078 0.14182692307692307 0.2091346153846154
12 0.15865384615384615 0.31490384615384615 0.21153846153846154 0.20673076923076922
12 0.3245192307692308 0.33413461538461536 0.23317307692307693 0.21634615384615385
12 0.16947115384615385 0.6382211538461539 0.2692307692307692 0.2403846153846154
12 0.09975961538461539 0.7644230769230769 0.15625 0.23557692307692307
12 0.2668269230769231 0.8365384615384616 0.22355769230769232 0.21153846153846154
