12 0.9723557692307693 0.6502403846153846 0.052884615384615384 0.20673076923076922
12 0.9086538461538461 0.6033653846153846 0.18269230769230768 0.21634615384615385
12 0.8737980769230769 0.8305288461538461 0.24278846153846154 0.1875
12 0.6610576923076923 0.8173076923076923 0.21634615384615385 0.20192307692307693
12 0.7475961538461539 0.6911057692307693 0.20432692307692307 0.18990384615384615
12 0.6298076923076923 0.49158653846153844 0.23557692307692307 0.21634615384615385
12 0.9170673076923077 0.19951923076923078 0.1658653846153846 0.17307692307692307
12 0.18269230769230768 0.9759615384615384 0.1875 0.038461538461538464
12 0.2800480769230769 0.921875 0.24278846153846154 0.15384615384615385
12 0.4519230769230769 0.8233173076923077 0.18509615384615385 0.18509615384615385
12 0.09014423076923077 0.8509615384615384 0.18028846153846154 0.18269230769230768
12 0.19230769230769232 0.7367788461538461 0.18509615384615385 0.18028846153846154
12 0.35216346153846156 0.6911057692307693 0.20673076923076922 0.18509615384615385
12 0.15144230769230768 0.41586538461538464 0.2403846153846154 0.2091346153846154
12 0.06370192307692307 0.3016826923076923 0.125 0.22115384615384615
12 0.21634615384615385 0.20432692307692307 0.1971153846153846 0.18269230769230768
