9 0.37734375 0.140625 0.21953125 0.16953125
9 0.4671875 0.6953125 0.434375 0.2796875
9 0.78359375 0.246875 0.240625 0.08359375
9 0.38125 0.71640625 0.09609375 0.1265625
9 0.85859375 0.734375 0.28125 0.275
9 0.1578125 0.4234375 0.3046875 0.15859375
9 0.11640625 0.61328125 0.2328125 0.2546875
9 0.15 0.2875 0.1421875 0.096875
9 0.4859375 0.46640625 0.35390625 0.16640625
9 0.5671875 0.22109375 0.1484375 0.07890625
9 0.840625 0.50390625 0.3171875 0.17421875
9 0.82734375 0.346875 0.31015625 0.1203125
9 0.54140625 0.3234375 0.2234375 0.10625
9 0.9140625 0.19140625 0.11484375 0.1515625
