9 0.50703125 0.359375 0.159375 0.140625
9 0.73671875 0.39609375 0.178125 0.21796875
9 0.6296875 0.34296875 0.11640625 0.11015625
9 0.3703125 0.40234375 0.14296875 0.109375
9 0.34140625 0.5265625 0.18671875 0.18203125
9 0.49921875 0.49921875 0.1484375 0.16171875
9 0.7515625 0.5796875 0.1609375 0.18203125
9 0.61484375 0.4515625 0.11875 0.12734375
9 0.38984375 0.68203125 0.13984375 0.1796875
9 0.48984375 0.5265625 0.684375 0.490625
9 0.60703125 0.6046875 0.15390625 0.19296875
9 0.22890625 0.47734375 0.16328125 0.24765625
