9 0.70546875 0.61953125 0.11640625 0.115625
9 0.06015625 0.69375 0.08046875 0.08125
9 0.54453125 0.95625 0.1109375 0.08515625
9 0.725 0.53984375 0.12265625 0.08515625
9 0.753125 0.3796875 0.07578125 0.0703125
9 0.325 0.28359375 0.05625 0.05
9 0.36796875 0.8015625 0.0875 0.06640625
9 0.0515625 0.87265625 0.103125 0.075
9 0.45625 0.95078125 0.090625 0.09375
9 0.32734375 0.69140625 0.09375 0.06796875
9 0.3703125 0.5734375 0.07421875 0.06953125
9 0.5203125 0.7625 0.07421875 0.05
9 0.49453125 0.32421875 0.05625 0.05078125
9 0.02734375 0.9484375 0.0546875 0.08828125
9 0.4109375 0.16015625 0.0453125 0.03671875
9 0.45234375 0.17578125 0.059375 0.04609375
9 0.553125 0.37265625 0.06328125 0.04375
9 0.6859375 0.26640625 0.06484375 0.05234375
9 0.334375 0.74609375 0.18359375 0.17734375
9 0.33828125 0.41796875 0.0625 0.05
9 0.359375 0.32265625 0.06640625 0.05078125
9 0.51875 0.49921875 0.12578125 0.11015625
9 0.496875 0.37109375 0.0546875 0.0421875
9 0.35546875 0.740625 0.0890625 0.071875
9 0.1671875 0.6671875 0.1015625 0.07265625
9 0.715625 0.3359375 0.06796875 0.04765625
9 0.165625 0.575 0.07734375 0.059375
9 0.2375 0.42734375 0.06328125 0.05078125
9 0.3875 0.184375 0.06328125 0.03359375
9 0.11953125 0.74140625 0.1453125 0.08046875
9 0.27890625 0.7375 0.06328125 0.0640625
9 0.53359375 0.34609375 0.13671875 0.0984375
9 0.16953125 0.525 0.07578125 0.05
9 0.71796875 0.2375 0.06328125 0.0390625
9 0.409375 0.53828125 0.02734375 0.05
9 0.41640625 0.9859375 0.0578125 0.02578125
9 0.240625 0.56953125 0.08515625 0.071875
9 0.234375 0.50703125 0.0953125 0.05859375
9 0.5390625 0.33125 0.06328125 0.04375
9 0.28984375 0.44921875 0.07734375 0.04375
9 0.38359375 0.28125 0.06953125 0.05078125
9 0.11328125 0.66875 0.0578125 0.0703125
9 0.05390625 0.9 0.1078125 0.1859375
9 0.5921875 0.6125 0.13046875 0.11875
9 0.4375 0.46875 0.05 0.0421875
9 0.31640625 0.32421875 0.02734375 0.03125
9 0.28359375 0.8 0.08203125 0.065625
9 0.528125 0.81640625 0.0984375 0.06796875
9 0.3953125 0.71875 0.0609375 0.0546875
9 0.11953125 0.70546875 0.2 0.1515625
9 0.7265625 0.2890625 0.07109375 0.04609375
9 0.403125 0.2109375 0.0609375 0.04765625
9 0.41875 0.190625 0.12578125 0.09453125
9 0.584375 0.34296875 0.03515625 0.03515625
9 0.19375 0.715625 0.0484375 0.04765625
9 0.61171875 0.83671875 0.059375 0.05703125
9 0.4515625 0.21328125 0.0578125 0.05
9 0.30390625 0.384375 0.06484375 0.03125
9 0.2875 0.41953125 0.16328125 0.103125
9 0.57265625 0.8046875 0.1875 0.13359375
9 0.36875 0.30078125 0.14375 0.09453125
9 0.41640625 0.3203125 0.0484375 0.04375
9 0.2828125 0.40546875 0.05625 0.04375
9 0.75 0.2578125 0.0578125 0.04453125
9 0.4375 0.4234375 0.040625 0.05078125
9 0.3734375 0.6296875 0.046875 0.0484375
9 0.5125 0.5859375 0.08203125 0.06796875
9 0.409375 0.6203125 0.0546875 0.0703125
9 0.78203125 0.2734375 0.03671875 0.03984375
9 0.49921875 0.42265625 0.04375 0.03671875
9 0.3703125 0.28671875 0.04375 0.03671875
9 0.66640625 0.3546875 0.0578125 0.03359375
9 0.6171875 0.54609375 0.1046875 0.0703125
9 0.72578125 0.26484375 0.1484375 0.0921875
9 0.6765625 0.38203125 0.07734375 0.05078125
