16 0.9078125 0.12578125 0.18359375 0.2515625
16 0.9765625 0.3265625 0.04609375 0.2140625
16 0.95078125 0.58984375 0.0984375 0.31796875
16 0.978125 0.86953125 0.04375 0.234375
16 0.86875 0.971875 0.1625 0.05546875
16 0.68828125 0.89296875 0.1984375 0.2140625
16 0.84375 0.76484375 0.2375 0.37421875
16 0.72578125 0.15 0.16640625 0.3
16 0.83984375 0.36484375 0.20546875 0.334375
16 0.53828125 0.2703125 0.2375 0.33671875
16 0.675 0.5109375 0.1890625 0.34765625
16 0.4171875 0.4859375 0.2234375 0.29140625
16 0.52578125 0.678125 0.25859375 0.334375
16 0.47265625 0.075 0.18359375 0.14453125
