12 0.06490384615384616 0.3137019230769231 0.10096153846153846 0.1658653846153846
12 0.22716346153846154 0.4675480769230769 0.18269230769230768 0.23076923076923078
12 0.34134615384615385 0.24759615384615385 0.20192307692307693 0.2548076923076923
12 0.3858173076923077 0.4230769230769231 0.17548076923076922 0.21875
12 0.5216346153846154 0.40625 0.15384615384615385 0.20432692307692307
12 0.2644230769230769 0.6394230769230769 0.18028846153846154 0.22596153846153846
12 0.453125 0.5913461538461539 0.22596153846153846 0.25240384615384615
12 0.052884615384615384 0.7211538461538461 0.10576923076923077 0.17307692307692307
12 0.15865384615384615 0.734375 0.13942307692307693 0.16105769230769232
12 0.25721153846153844 0.8197115384615384 0.125 0.15865384615384615
12 0.36538461538461536 0.8245192307692307 0.15144230769230768 0.19471153846153846
12 0.25721153846153844 0.9158653846153846 0.125 0.10336538461538461
12 0.17908653846153846 0.9086538461538461 0.08173076923076923 0.07451923076923077
12 0.34134615384615385 0.9290865384615384 0.10096153846153846 0.11057692307692307
12 0.6514423076923077 0.7175480769230769 0.1466346153846154 0.17548076923076922
12 0.6694711538461539 0.5036057692307693 0.19230769230769232 0.21634615384615385
12 0.8125 0.7728365384615384 0.19951923076923078 0.2283653846153846
12 0.8269230769230769 0.6105769230769231 0.20192307692307693 0.25
12 0.9399038461538461 0.6899038461538461 0.09375 0.17307692307692307
12 0.9471153846153846 0.4855769230769231 0.10576923076923077 0.24519230769230768
12 0.8052884615384616 0.4014423076923077 0.20432692307692307 0.23557692307692307
12 0.8449519230769231 0.2692307692307692 0.15144230769230768 0.15384615384615385
12 0.9411057692307693 0.3016826923076923 0.11778846153846154 0.18509615384615385
12 0.9795673076923077 0.15625 0.040865384615384616 0.11538461538461539
