12 0.4651442307692308 0.9651442307692307 0.16105769230769232 0.06971153846153846
12 0.5588942307692307 0.7680288461538461 0.21875 0.16105769230769232
12 0.3125 0.7319711538461539 0.2403846153846154 0.1778846153846154
12 0.4639423076923077 0.6334134615384616 0.20432692307692307 0.15384615384615385
12 0.40384615384615385 0.5096153846153846 0.19471153846153846 0.1346153846153846
12 0.7079326923076923 0.6778846153846154 0.21394230769230768 0.15865384615384615
12 0.6021634615384616 0.5144230769230769 0.23317307692307693 0.20432692307692307
12 0.859375 0.8653846153846154 0.16346153846153846 0.1201923076923077
12 0.8329326923076923 0.7463942307692307 0.14903846153846154 0.125
12 0.8822115384615384 0.625 0.14903846153846154 0.11298076923076923
12 0.8497596153846154 0.5216346153846154 0.18509615384615385 0.13221153846153846
12 0.9627403846153846 0.5925480769230769 0.07451923076923077 0.11778846153846154
12 0.9783653846153846 0.6694711538461539 0.04326923076923077 0.07451923076923077
12 0.953125 0.5096153846153846 0.09375 0.09134615384615384
12 0.9266826923076923 0.07091346153846154 0.06971153846153846 0.07932692307692307
12 0.65625 0.2860576923076923 0.1658653846153846 0.12980769230769232
12 0.4483173076923077 0.3389423076923077 0.20192307692307693 0.17307692307692307
12 0.65625 0.11658653846153846 0.21153846153846154 0.1778846153846154
12 0.49759615384615385 0.15504807692307693 0.23557692307692307 0.1778846153846154
12 0.5360576923076923 0.030048076923076924 0.16826923076923078 0.06009615384615385
12 0.33533653846153844 0.06129807692307692 0.2403846153846154 0.11778846153846154
12 0.3076923076923077 0.2439903846153846 0.22115384615384615 0.18509615384615385
12 0.16947115384615385 0.25 0.14182692307692307 0.13701923076923078
12 0.15745192307692307 0.1141826923076923 0.16826923076923078 0.17067307692307693
12 0.028846153846153848 0.11778846153846154 0.057692307692307696 0.11057692307692307
12 0.057692307692307696 0.06129807692307692 0.11538461538461539 0.04567307692307692
