12 0.40024038461538464 0.9627403846153846 0.15625 0.07211538461538461
12 0.5204326923076923 0.7740384615384616 0.2091346153846154 0.1466346153846154
12 0.2824519230769231 0.7043269230769231 0.23076923076923078 0.16346153846153846
12 0.44591346153846156 0.6274038461538461 0.1971153846153846 0.14182692307692307
12 0.40384615384615385 0.4963942307692308 0.1875 0.12259615384615384
12 0.6814903846153846 0.7043269230769231 0.20432692307692307 0.1466346153846154
12 0.5985576923076923 0.5288461538461539 0.22355769230769232 0.18990384615384615
12 0.8052884615384616 0.9122596153846154 0.15625 0.11057692307692307
12 0.7956730769230769 0.7908653846153846 0.14423076923076922 0.11538461538461539
12 0.8605769230769231 0.6778846153846154 0.14182692307692307 0.10336538461538461
12 0.84375 0.5697115384615384 0.1778846153846154 0.1201923076923077
12 0.9555288461538461 0.6586538461538461 0.08413461538461539 0.11298076923076923
12 0.9615384615384616 0.7379807692307693 0.0625 0.07211538461538461
12 0.9507211538461539 0.5733173076923077 0.09615384615384616 0.08413461538461539
12 0.9747596153846154 0.13341346153846154 0.05048076923076923 0.07451923076923077
12 0.6850961538461539 0.31009615384615385 0.15865384615384615 0.1201923076923077
12 0.47115384615384615 0.3329326923076923 0.19230769230769232 0.16105769230769232
12 0.7091346153846154 0.14182692307692307 0.20192307692307693 0.1658653846153846
12 0.5456730769230769 0.15745192307692307 0.22596153846153846 0.16346153846153846
12 0.6033653846153846 0.03245192307692308 0.1658653846153846 0.0625
12 0.39783653846153844 0.046875 0.23317307692307693 0.09375
12 0.3449519230769231 0.21875 0.2091346153846154 0.17067307692307693
12 0.20673076923076922 0.20552884615384615 0.1346153846153846 0.12980769230769232
12 0.21394230769230768 0.07451923076923077 0.15865384615384615 0.14903846153846154
12 0.06370192307692307 0.054086538461538464 0.0985576923076923 0.10336538461538461
12 0.0985576923076923 0.008413461538461538 0.16346153846153846 0.016826923076923076
