0 0.13359375 0.175 0.2671875 0.35
0 0.05859375 0.2390625 0.1171875 0.221875
0 0.3109375 0.0453125 0.196875 0.090625
0 0.59765625 0.09609375 0.1828125 0.1921875
0 0.0328125 0.94140625 0.065625 0.1171875
0 0.203125 0.759375 0.1421875 0.184375
0 0.23359375 0.42734375 0.1234375 0.1546875
0 0.02578125 0.75859375 0.0515625 0.1796875
0 0.44375 0.88125 0.1265625 0.1515625
0 0.48671875 0.6140625 0.1125 0.1609375
0 0.38046875 0.57890625 0.10546875 0.14609375
0 0.58125 0.5875 0.08203125 0.1234375
0 0.53984375 0.7765625 0.08828125 0.09765625
0 0.1015625 0.51328125 0.05234375 0.0640625
0 0.8546875 0.63203125 0.290625 0.5640625
