0 0.14140625 0.31171875 0.0734375 0.15078125
0 0.0578125 0.365625 0.075 0.15859375
0 0.42734375 0.01640625 0.0828125 0.0328125
0 0.28671875 0.31328125 0.05859375 0.13828125
0 0.296875 0.52578125 0.071875 0.0265625
0 0.38125 0.39921875 0.04453125 0.08046875
0 0.74609375 0.23359375 0.11796875 0.1953125
0 0.7125 0.07421875 0.134375 0.1484375
0 0.60703125 0.5046875 0.0953125 0.06875
0 0.6046875 0.37578125 0.090625 0.2078125
0 0.17265625 0.76953125 0.3453125 0.4609375
0 0.7796875 0.76953125 0.440625 0.4609375
