0 0.175 0.4265625 0.35 0.10625
0 0.625 0.3125 0.18203125 0.15390625
0 0.8859375 0.4421875 0.175 0.075
0 0.9484375 0.33203125 0.103125 0.1328125
0 0.7828125 0.3046875 0.1484375 0.13828125
0 0.7 0.43125 0.15625 0.096875
0 0.51640625 0.41953125 0.1734375 0.1203125
0 0.13984375 0.53984375 0.0921875 0.1203125
0 0.121875 0.61953125 0.053125 0.06484375
0 0.20859375 0.70078125 0.0921875 0.11484375
0 0.3015625 0.6125 0.096875 0.15625
0 0.271875 0.49765625 0.1 0.0359375
0 0.3359375 0.85546875 0.028125 0.1703125
0 0.2890625 0.95703125 0.10625 0.0859375
0 0.76953125 0.69296875 0.4234375 0.4265625
