0 0.1609375 0.37265625 0.321875 0.2796875
0 0.31640625 0.25703125 0.3390625 0.23671875
0 0.5046875 0.35078125 0.128125 0.3015625
0 0.896875 0.19921875 0.20625 0.3984375
0 0.88828125 0.51875 0.2234375 0.34375
0 0.7046875 0.215625 0.2421875 0.42734375
0 0.13125 0.82109375 0.171875 0.2421875
0 0.32109375 0.8171875 0.1765625 0.234375
0 0.496875 0.8234375 0.14375 0.246875
0 0.7515625 0.93828125 0.365625 0.1234375
0 0.675 0.79140625 0.2125 0.1828125
0 0.9171875 0.8640625 0.165625 0.18125
0 0.60859375 0.92578125 0.0796875 0.1484375
