0 0.27265625 0.26484375 0.2515625 0.16328125
0 0.475 0.30078125 0.21875 0.15625
0 0.409375 0.0703125 0.2296875 0.13828125
0 0.51640625 0.16015625 0.2046875 0.1390625
0 0.57109375 0.06015625 0.0953125 0.1203125
0 0.97109375 0.06640625 0.0578125 0.1328125
0 0.859375 0.1015625 0.13125 0.203125
0 0.28046875 0.625 0.4609375 0.43125
0 0.73046875 0.45703125 0.0890625 0.0953125
0 0.86953125 0.6859375 0.1078125 0.13984375
0 0.90078125 0.5890625 0.0640625 0.075
0 0.6703125 0.76796875 0.08125 0.1
0 0.7890625 0.84296875 0.0875 0.10859375
0 0.91171875 0.9109375 0.0953125 0.11484375
0 0.9 0.9734375 0.0875 0.053125
0 0.97109375 0.86328125 0.0578125 0.1078125
