9 0.11796875 0.67265625 0.2359375 0.415625
9 0.36171875 0.62734375 0.128125 0.20546875
9 0.134375 0.36640625 0.26875 0.3015625
9 0.80234375 0.24921875 0.215625 0.2515625
9 0.6078125 0.41171875 0.16328125 0.17421875
9 0.50078125 0.3265625 0.159375 0.171875
9 0.6390625 0.178125 0.16796875 0.19921875
9 0.4125 0.12734375 0.2234375 0.25
9 0.9625 0.3671875 0.071875 0.28125
9 0.48515625 0.5140625 0.1546875 0.2640625
9 0.55234375 0.0796875 0.1125 0.15859375
9 0.371875 0.38046875 0.15546875 0.25234375
9 0.83046875 0.928125 0.1375 0.1421875
9 0.4296875 0.94765625 0.1015625 0.1015625
9 0.26015625 0.084375 0.1453125 0.16875
9 0.92890625 0.56875 0.140625 0.2046875
9 0.6390625 0.95234375 0.11875 0.0921875
9 0.7140625 0.78203125 0.1421875 0.19375
9 0.93203125 0.82421875 0.13359375 0.1875
9 0.86640625 0.41484375 0.16328125 0.2359375
9 0.90546875 0.1484375 0.1875 0.27890625
9 0.140625 0.0640625 0.134375 0.12734375
9 0.43671875 0.784375 0.16875 0.240625
9 0.5734375 0.596875 0.14140625 0.2203125
9 0.9734375 0.63203125 0.0515625 0.1734375
9 0.8328125 0.80078125 0.096875 0.10703125
9 0.71171875 0.59375 0.1640625 0.18984375
9 0.7890625 0.0671875 0.209375 0.134375
9 0.6703125 0.33359375 0.1328125 0.15859375
9 0.8140625 0.54140625 0.14140625 0.23671875
9 0.8296875 0.66796875 0.15703125 0.16640625
9 0.51484375 0.1875 0.1203125 0.13515625
9 0.740625 0.04765625 0.1125 0.0953125
9 0.9421875 0.93671875 0.11328125 0.12109375
9 0.52265625 0.70234375 0.06328125 0.1390625
9 0.65 0.30234375 0.09296875 0.09375
9 0.365625 0.01640625 0.1078125 0.0328125
9 0.41484375 0.16015625 0.14921875 0.18515625
9 0.6046875 0.85234375 0.2140625 0.25625
