0 0.3578125 0.1203125 0.190625 0.240625
0 0.4140625 0.3921875 0.13125 0.2
0 0.73046875 0.3375 0.5015625 0.325
0 0.8921875 0.20703125 0.215625 0.4140625
0 0.35703125 0.80390625 0.134375 0.2421875
0 0.03359375 0.6 0.0671875 0.2
0 0.4546875 0.56875 0.05 0.1375
0 0.44453125 0.70703125 0.0703125 0.1671875
0 0.303125 0.5984375 0.10546875 0.15234375
0 0.18203125 0.53046875 0.1015625 0.0609375
0 0.284375 0.53125 0.109375 0.0625
0 0.334375 0.94921875 0.13125 0.1015625
0 0.2359375 0.94453125 0.10625 0.1109375
0 0.4484375 0.9 0.0625 0.2
0 0.81171875 0.71640625 0.1296875 0.25
0 0.75 0.56484375 0.1125 0.1296875
