0 0.11953125 0.371875 0.1703125 0.034375
0 0.51015625 0.07890625 0.1171875 0.1578125
0 0.50078125 0.3046875 0.1359375 0.16875
0 0.784375 0.19453125 0.43125 0.3890625
0 0.46640625 0.45625 0.2046875 0.134375
0 0.55234375 0.46015625 0.0328125 0.1421875
0 0.67578125 0.45078125 0.0921875 0.1234375
0 0.6578125 0.53203125 0.053125 0.06484375
0 0.74453125 0.61328125 0.0921875 0.11484375
0 0.84453125 0.52578125 0.1109375 0.15625
0 0.8078125 0.40859375 0.1 0.0390625
0 0.921875 0.76875 0.128125 0.17109375
0 0.825 0.90078125 0.10625 0.14765625
