0 0.48828125 0.3203125 0.0828125 0.225
0 0.17109375 0.3859375 0.1515625 0.22421875
0 0.3328125 0.434375 0.203125 0.2390625
0 0.484375 0.47265625 0.090625 0.1453125
0 0.33125 0.05234375 0.16875 0.1046875
0 0.46484375 0.090625 0.1296875 0.18125
0 0.2453125 0.13671875 0.184375 0.234375
0 0.31640625 0.203125 0.20390625 0.196875
0 0.078125 0.2109375 0.15625 0.271875
0 0.86171875 0.3625 0.2765625 0.434375
0 0.06015625 0.7359375 0.1203125 0.3125
0 0.2640625 0.78984375 0.29375 0.4203125
0 0.46640625 0.746875 0.1265625 0.334375
0 0.7921875 0.78984375 0.415625 0.4203125
