0 0.35 0.11328125 0.19765625 0.1953125
0 0.375 0.03046875 0.225 0.0609375
0 0.1453125 0.16484375 0.228125 0.2078125
0 0.58046875 0.03984375 0.2078125 0.0796875
0 0.88984375 0.22578125 0.2203125 0.0859375
0 0.403125 0.965625 0.140625 0.06875
0 0.59609375 0.41640625 0.11796875 0.1953125
0 0.61015625 0.8453125 0.1265625 0.2046875
0 0.5625 0.3 0.134375 0.0625
0 0.35625 0.5203125 0.11015625 0.2015625
0 0.20703125 0.8890625 0.1234375 0.221875
0 0.509375 0.90078125 0.09375 0.1984375
0 0.18515625 0.4734375 0.11796875 0.20703125
0 0.0984375 0.89921875 0.115625 0.2015625
0 0.29296875 0.91015625 0.0828125 0.1796875
0 0.14140625 0.62265625 0.103125 0.10703125
0 0.1015625 0.7109375 0.0734375 0.1703125
0 0.63828125 0.9484375 0.1234375 0.103125
0 0.43828125 0.7578125 0.13515625 0.2078125
0 0.440625 0.559375 0.12109375 0.20703125
0 0.3578125 0.675 0.1 0.1484375
0 0.23984375 0.58984375 0.09375 0.1859375
0 0.15546875 0.321875 0.1171875 0.10625
0 0.02109375 0.671875 0.0421875 0.140625
0 0.95 0.7765625 0.1 0.365625
