0 0.22578125 0.35 0.21640625 0.1625
0 0.47109375 0.33515625 0.08828125 0.11015625
0 0.79140625 0.465625 0.140625 0.2
0 0.61875 0.203125 0.10234375 0.16328125
0 0.64375 0.371875 0.11328125 0.16484375
0 0.53828125 0.52578125 0.0859375 0.1234375
0 0.44765625 0.21640625 0.0578125 0.1359375
0 0.87734375 0.51015625 0.07578125 0.125
0 0.29609375 0.79453125 0.2453125 0.4109375
0 0.63125 0.59765625 0.053125 0.0171875
0 0.71796875 0.65546875 0.0921875 0.11484375
0 0.81796875 0.6171875 0.1109375 0.05625
0 0.8953125 0.8109375 0.128125 0.17109375
0 0.7984375 0.934375 0.10625 0.13125
0 0.475 0.95078125 0.075 0.0984375
