0 0.325 0.1796875 0.26875 0.359375
0 0.76640625 0.1796875 0.4671875 0.359375
0 0.15390625 0.54296875 0.0734375 0.13515625
0 0.08046875 0.5765625 0.0796875 0.13046875
0 0.0171875 0.52109375 0.034375 0.1140625
0 0.29296875 0.53515625 0.053125 0.11484375
0 0.30546875 0.75390625 0.071875 0.11484375
0 0.034375 0.89296875 0.06640625 0.09140625
0 0.09921875 0.975 0.0515625 0.05
0 0.36875 0.60390625 0.04296875 0.0859375
0 0.26171875 0.5921875 0.05859375 0.08828125
0 0.73828125 0.70390625 0.5234375 0.5921875
