0 0.421875 0.3453125 0.175 0.16875
0 0.1015625 0.0421875 0.159375 0.084375
0 0.56953125 0.0640625 0.1515625 0.128125
0 0.66875 0.1828125 0.08125 0.225
0 0.8546875 0.21484375 0.290625 0.4296875
0 0.2953125 0.75703125 0.2546875 0.33359375
0 0.4546875 0.87578125 0.23125 0.2484375
0 0.67109375 0.7078125 0.0765625 0.25625
0 0.28984375 0.50390625 0.1640625 0.1484375
0 0.11328125 0.4984375 0.1890625 0.1375
0 0.6859375 0.92734375 0.046875 0.1453125
0 0.07890625 0.9734375 0.1578125 0.053125
0 0.8546875 0.7890625 0.290625 0.421875
