0 0.184375 0.18046875 0.36875 0.2765625
0 0.87421875 0.19765625 0.0921875 0.153125
0 0.5796875 0.24453125 0.065625 0.1140625
0 0.77265625 0.24765625 0.0796875 0.1421875
0 0.86640625 0.30703125 0.0515625 0.0234375
0 0.20078125 0.659375 0.3359375 0.68125
0 0.440625 0.4453125 0.14375 0.253125
0 0.46015625 0.74453125 0.1828125 0.2015625
0 0.534375 0.61640625 0.1671875 0.2515625
0 0.78671875 0.66328125 0.3234375 0.31171875
0 0.59921875 0.4265625 0.2171875 0.215625
0 0.7953125 0.3828125 0.203125 0.128125
0 0.759375 0.47734375 0.26875 0.22421875
0 0.94453125 0.553125 0.1109375 0.246875
