0 0.19296875 0.14921875 0.3359375 0.2984375
0 0.146875 0.38828125 0.26875 0.1828125
0 0.3953125 0.3765625 0.246875 0.20625
0 0.42109375 0.13359375 0.1953125 0.2671875
0 0.03046875 0.2484375 0.0609375 0.384375
0 0.69375 0.12890625 0.253125 0.2578125
0 0.59609375 0.046875 0.1546875 0.09375
0 0.6125 0.278125 0.1875 0.25
0 0.8078125 0.25390625 0.165625 0.29140625
0 0.91796875 0.07421875 0.1640625 0.1484375
0 0.92109375 0.41328125 0.1578125 0.1328125
0 0.41640625 0.73984375 0.2046875 0.5203125
0 0.13984375 0.73984375 0.2796875 0.5203125
0 0.24765625 0.534375 0.3609375 0.109375
0 0.759375 0.73984375 0.48125 0.5203125
