0 0.23671875 0.2421875 0.4609375 0.334375
0 0.40234375 0.10390625 0.2953125 0.2078125
0 0.775 0.2046875 0.45 0.409375
0 0.19296875 0.44921875 0.2890625 0.0796875
0 0.13984375 0.73515625 0.10078125 0.10234375
0 0.23984375 0.73203125 0.13515625 0.14765625
0 0.30078125 0.934375 0.1703125 0.13125
0 0.88359375 0.45859375 0.2328125 0.0984375
0 0.88515625 0.59296875 0.2296875 0.2640625
0 0.80390625 0.7421875 0.184375 0.24296875
0 0.95546875 0.7203125 0.0890625 0.290625
0 0.58359375 0.7046875 0.05625 0.05078125
0 0.76953125 0.4828125 0.1140625 0.146875
