0 0.0171875 0.2828125 0.034375 0.18125
0 0.20625 0.40390625 0.11484375 0.13515625
0 0.303125 0.29921875 0.078125 0.10390625
0 0.25390625 0.1390625 0.09921875 0.15859375
0 0.146875 0.10703125 0.10390625 0.14609375
0 0.48359375 0.02578125 0.0328125 0.0515625
0 0.2 0.22265625 0.11953125 0.10625
0 0.34609375 0.11171875 0.0796875 0.125
0 0.13203125 0.01875 0.0765625 0.0375
0 0.9046875 0.1109375 0.190625 0.221875
0 0.725 0.08359375 0.3 0.1671875
0 0.8890625 0.3328125 0.221875 0.26875
0 0.740625 0.23125 0.28515625 0.1890625
0 0.521875 0.1203125 0.04375 0.225
0 0.584375 0.48046875 0.16875 0.1578125
0 0.321875 0.86953125 0.35625 0.2609375
0 0.83359375 0.7796875 0.3328125 0.440625
