0 0.20234375 0.21171875 0.378125 0.4
0 0.41328125 0.371875 0.0921875 0.221875
0 0.940625 0.45078125 0.11875 0.1578125
0 0.7984375 0.3875 0.10625 0.14921875
0 0.77578125 0.2046875 0.11875 0.153125
0 0.58984375 0.225 0.08828125 0.13125
0 0.61953125 0.3453125 0.0890625 0.10546875
0 0.6625 0.059375 0.06640625 0.096875
0 0.76171875 0.08359375 0.0546875 0.0671875
0 0.69609375 0.5015625 0.0953125 0.05625
0 0.4640625 0.33359375 0.009375 0.0953125
0 0.6671875 0.16015625 0.07265625 0.0703125
0 0.59765625 0.14140625 0.06875 0.06796875
0 0.46796875 0.046875 0.0171875 0.053125
0 0.49921875 0.01796875 0.0265625 0.0359375
0 0.51875 0.5109375 0.0375 0.0375
0 0.55390625 0.50859375 0.0390625 0.0421875
0 0.55234375 0.47265625 0.04140625 0.03984375
0 0.228125 0.840625 0.45625 0.31875
0 0.59296875 0.78359375 0.08828125 0.11015625
0 0.9125 0.90703125 0.140625 0.1859375
0 0.740625 0.6515625 0.10234375 0.16328125
0 0.765625 0.8203125 0.11328125 0.16484375
0 0.66015625 0.95625 0.0859375 0.0875
0 0.5578125 0.66484375 0.08125 0.1359375
0 0.98046875 0.94765625 0.0390625 0.1046875
