12 0.8341346153846154 0.8653846153846154 0.25 0.18990384615384615
12 0.4951923076923077 0.9158653846153846 0.21153846153846154 0.15384615384615385
12 0.9230769230769231 0.5841346153846154 0.15384615384615385 0.15384615384615385
12 0.8786057692307693 0.028846153846153848 0.07451923076923077 0.057692307692307696
12 0.75 0.056490384615384616 0.25961538461538464 0.11298076923076923
12 0.5588942307692307 0.02283653846153846 0.2764423076923077 0.04567307692307692
12 0.5408653846153846 0.7680288461538461 0.2283653846153846 0.18990384615384615
12 0.5420673076923077 0.2608173076923077 0.1971153846153846 0.14903846153846154
12 0.38100961538461536 0.18629807692307693 0.2668269230769231 0.23798076923076922
12 0.2824519230769231 0.6935096153846154 0.25240384615384615 0.19471153846153846
12 0.2091346153846154 0.2920673076923077 0.25240384615384615 0.22596153846153846
12 0.078125 0.33533653846153844 0.15625 0.17548076923076922
12 0.2668269230769231 0.9399038461538461 0.1971153846153846 0.1201923076923077
12 0.06370192307692307 0.6598557692307693 0.0985576923076923 0.13221153846153846
12 0.08774038461538461 0.453125 0.17548076923076922 0.1466346153846154
12 0.10336538461538461 0.5733173076923077 0.20673076923076922 0.17067307692307693
12 0.9423076923076923 0.7007211538461539 0.11538461538461539 0.10336538461538461
12 0.6466346153846154 0.8725961538461539 0.13942307692307693 0.11778846153846154
12 0.13822115384615385 0.7475961538461539 0.2091346153846154 0.14423076923076922
