12 0.2548076923076923 0.07211538461538461 0.22596153846153846 0.14423076923076922
12 0.5985576923076923 0.09495192307692307 0.19471153846153846 0.11778846153846154
12 0.0889423076923077 0.3173076923076923 0.17067307692307693 0.125
12 0.020432692307692308 0.9122596153846154 0.040865384615384616 0.13221153846153846
12 0.1466346153846154 0.9170673076923077 0.23557692307692307 0.15865384615384615
12 0.328125 0.9759615384615384 0.27403846153846156 0.04807692307692308
12 0.5204326923076923 0.22956730769230768 0.20432692307692307 0.15384615384615385
12 0.4050480769230769 0.7235576923076923 0.18028846153846154 0.11778846153846154
12 0.5456730769230769 0.8329326923076923 0.23317307692307693 0.19951923076923078
12 0.7560096153846154 0.3605769230769231 0.2283653846153846 0.15384615384615385
12 0.7367788461538461 0.7680288461538461 0.22115384615384615 0.18990384615384615
12 0.9002403846153846 0.7620192307692307 0.19230769230769232 0.14182692307692307
12 0.8293269230769231 0.109375 0.18028846153846154 0.11778846153846154
12 0.9603365384615384 0.4423076923076923 0.07932692307692307 0.1201923076923077
12 0.9026442307692307 0.6418269230769231 0.18509615384615385 0.11298076923076923
12 0.9038461538461539 0.5180288461538461 0.1875 0.13701923076923078
12 0.09735576923076923 0.20072115384615385 0.13701923076923078 0.07932692307692307
12 0.4411057692307692 0.10336538461538461 0.125 0.09615384615384616
12 0.9050480769230769 0.3389423076923077 0.18990384615384615 0.11057692307692307
