12 0.9278846153846154 0.7427884615384616 0.14423076923076922 0.22596153846153846
12 0.9050480769230769 0.4014423076923077 0.11778846153846154 0.19471153846153846
12 0.6826923076923077 0.9110576923076923 0.125 0.17067307692307693
12 0.08774038461538461 0.9783653846153846 0.13221153846153846 0.04326923076923077
12 0.0829326923076923 0.8533653846153846 0.15865384615384615 0.23557692307692307
12 0.02403846153846154 0.671875 0.04807692307692308 0.27403846153846156
12 0.7704326923076923 0.4795673076923077 0.15384615384615385 0.20432692307692307
12 0.2764423076923077 0.5949519230769231 0.11778846153846154 0.18028846153846154
12 0.16706730769230768 0.4543269230769231 0.19951923076923078 0.23317307692307693
12 0.6394230769230769 0.2439903846153846 0.15625 0.2283653846153846
12 0.23197115384615385 0.26322115384615385 0.18990384615384615 0.22115384615384615
12 0.23798076923076922 0.09975961538461539 0.14182692307692307 0.19230769230769232
12 0.890625 0.17067307692307693 0.11778846153846154 0.18028846153846154
12 0.5576923076923077 0.038461538461538464 0.1201923076923077 0.07692307692307693
12 0.3581730769230769 0.09735576923076923 0.11298076923076923 0.18509615384615385
12 0.48197115384615385 0.09615384615384616 0.13701923076923078 0.1875
12 0.7992788461538461 0.9026442307692307 0.07932692307692307 0.13701923076923078
12 0.8966346153846154 0.5588942307692307 0.09615384615384616 0.125
12 0.6586538461538461 0.09375 0.11057692307692307 0.1875
