9 0.3109375 0.52109375 0.0515625 0.0875
9 0.45 0.5015625 0.06640625 0.0671875
9 0.4875 0.6109375 0.06171875 0.1328125
9 0.7109375 0.67734375 0.06796875 0.1203125
9 0.3984375 0.5375 0.05 0.06484375
9 0.28359375 0.69140625 0.06328125 0.0875
9 0.67265625 0.7671875 0.078125 0.08984375
9 0.6453125 0.64140625 0.06640625 0.0921875
9 0.59609375 0.7796875 0.0546875 0.075
9 0.559375 0.6890625 0.06484375 0.1328125
9 0.61953125 0.69609375 0.06171875 0.1125
9 0.20546875 0.68125 0.0546875 0.07734375
9 0.490625 0.71484375 0.071875 0.0796875
9 0.5453125 0.5953125 0.05703125 0.1046875
9 0.275 0.6109375 0.05 0.0921875
9 0.61015625 0.5796875 0.06328125 0.1
9 0.1375 0.31640625 0.06171875 0.05234375
9 0.22421875 0.6265625 0.06171875 0.0875
9 0.15234375 0.31484375 0.03203125 0.05
9 0.4453125 0.5671875 0.05 0.0796875
9 0.12109375 0.31875 0.028125 0.04765625
9 0.3609375 0.63984375 0.06796875 0.13984375
9 0.46484375 0.65234375 0.5703125 0.375
