9 0.65 0.175 0.1234375 0.21875
9 0.20078125 0.09375 0.0984375 0.140625
9 0.25234375 0.22421875 0.125 0.20234375
9 0.13125 0.2359375 0.12734375 0.17578125
9 0.434375 0.45 0.1296875 0.1828125
9 0.546875 0.29453125 0.14375 0.24765625
9 0.3390625 0.33671875 0.1390625 0.22734375
9 0.79375 0.90078125 0.146875 0.19453125
9 0.1125 0.05078125 0.115625 0.1015625
9 0.69765625 0.4734375 0.1296875 0.1921875
9 0.69765625 0.07109375 0.1296875 0.1421875
9 0.43828125 0.70234375 0.12109375 0.1765625
9 0.06015625 0.35703125 0.1203125 0.17109375
9 0.84375 0.13046875 0.1359375 0.16328125
9 0.92734375 0.053125 0.1390625 0.10625
9 0.38125 0.10703125 0.1140625 0.2140625
9 0.04296875 0.11875 0.0859375 0.23359375
9 0.5484375 0.09921875 0.1421875 0.19765625
9 0.34609375 0.83828125 0.12421875 0.18671875
9 0.69375 0.80390625 0.1234375 0.1875
9 0.3390625 0.58515625 0.1453125 0.20859375
9 0.165625 0.865625 0.159375 0.21484375
9 0.446875 0.2125 0.103125 0.18671875
9 0.55625 0.58125 0.13515625 0.1953125
9 0.9046875 0.2703125 0.1046875 0.17734375
9 0.27890625 0.93984375 0.1 0.1171875
9 0.934375 0.578125 0.128125 0.18359375
9 0.08515625 0.515625 0.11640625 0.171875
9 0.78515625 0.57890625 0.140625 0.1734375
9 0.6078125 0.6953125 0.115625 0.20390625
9 0.084375 0.72890625 0.1453125 0.17265625
9 0.85625 0.44296875 0.1265625 0.18515625
9 0.2421875 0.48203125 0.15390625 0.190625
9 0.24375 0.73125 0.13359375 0.16796875
9 0.78984375 0.31015625 0.1390625 0.21875
9 0.5375 0.82578125 0.153125 0.1921875
9 0.9640625 0.14921875 0.0703125 0.2046875
9 0.3234375 0.05703125 0.06875 0.1140625
9 0.959375 0.3859375 0.0796875 0.275
9 0.9359375 0.80234375 0.1265625 0.18046875
9 0.42421875 0.9296875 0.12421875 0.1390625
9 0.04140625 0.63515625 0.0828125 0.18359375
9 0.1875 0.6046875 0.1140625 0.171875
9 0.18203125 0.39609375 0.1265625 0.21171875
9 0.5 0.49921875 0.9984375 0.9984375
9 0.04453125 0.87109375 0.0890625 0.1734375
9 0.60390625 0.9140625 0.1171875 0.16796875
9 0.09296875 0.95859375 0.134375 0.08125
9 0.478125 0.02734375 0.08515625 0.0546875
9 0.8484375 0.68984375 0.125 0.17578125
9 0.8140625 0.478125 0.36875 0.95625
9 0.98359375 0.675 0.03203125 0.1
9 0.70234375 0.9734375 0.09765625 0.05078125
9 0.51953125 0.9828125 0.07578125 0.03203125
9 0.615625 0.0125 0.0609375 0.025
9 0.528125 0.21171875 0.478125 0.4234375
9 0.00859375 0.48671875 0.0171875 0.1203125
