9 0.74296875 0.44296875 0.05625 0.09375
9 0.8296875 0.41640625 0.03984375 0.0609375
9 0.8328125 0.5296875 0.04765625 0.0796875
9 0.77890625 0.6078125 0.04765625 0.06953125
9 0.7890625 0.41875 0.04609375 0.0859375
9 0.7265625 0.5203125 0.0515625 0.08984375
9 0.884375 0.7640625 0.21875 0.45078125
9 0.7890625 0.48359375 0.0359375 0.0609375
9 0.76484375 0.51875 0.0296875 0.04921875
9 0.8296875 0.4703125 0.05 0.05078125
9 0.79296875 0.546875 0.0390625 0.065625
9 0.1765625 0.75234375 0.0421875 0.07109375
9 0.7546875 0.5734375 0.04375 0.06953125
9 0.2359375 0.5390625 0.0234375 0.053125
9 0.94609375 0.60625 0.03984375 0.0609375
9 0.19375 0.6390625 0.2046875 0.3265625
9 0.02890625 0.95390625 0.02265625 0.03046875
9 0.8515625 0.69765625 0.03984375 0.05703125
9 0.8265625 0.74453125 0.0421875 0.065625
9 0.1296875 0.73046875 0.03359375 0.0609375
9 0.9734375 0.6375 0.04140625 0.0671875
9 0.9703125 0.69765625 0.03984375 0.05703125
9 0.7921875 0.85390625 0.03515625 0.0796875
9 0.22265625 0.6859375 0.0296875 0.053125
9 0.15078125 0.7703125 0.02890625 0.06328125
9 0.25625 0.5640625 0.02734375 0.046875
9 0.8265625 0.85 0.04140625 0.0796875
9 0.91328125 0.57421875 0.03125 0.06328125
9 0.1875 0.70234375 0.0375 0.065625
9 0.9375 0.94609375 0.05 0.0875
9 0.9234375 0.87109375 0.0421875 0.0734375
9 0.24296875 0.65703125 0.0265625 0.04921875
9 0.890625 0.5875 0.0234375 0.04453125
9 0.9484375 0.8140625 0.0515625 0.08125
9 0.2546875 0.6109375 0.02734375 0.04296875
9 0.1796875 0.6390625 0.03515625 0.05703125
9 0.1296875 0.640625 0.025 0.0328125
9 0.871875 0.87109375 0.04375 0.065625
9 0.909375 0.64375 0.0390625 0.06328125
9 0.278125 0.5921875 0.03125 0.04921875
9 0.2140625 0.63046875 0.0359375 0.05703125
9 0.89921875 0.93671875 0.0390625 0.09375
9 0.1015625 0.696875 0.0234375 0.05078125
9 0.85546875 0.9234375 0.05390625 0.07578125
9 0.87734375 0.80546875 0.05 0.07109375
9 0.16796875 0.59453125 0.03125 0.05546875
9 0.96484375 0.75703125 0.0375 0.065625
9 0.18359375 0.54375 0.02265625 0.04296875
9 0.225 0.5890625 0.03515625 0.046875
9 0.94375 0.66953125 0.0296875 0.0609375
9 0.871875 0.740625 0.03125 0.0609375
9 0.9171875 0.69765625 0.025 0.04921875
9 0.9046875 0.74453125 0.0390625 0.06953125
9 0.815625 0.9125 0.04609375 0.053125
9 0.1453125 0.68359375 0.0359375 0.05703125
9 0.2078125 0.5375 0.02890625 0.059375
9 0.8515625 0.78046875 0.0328125 0.05078125
9 0.8875 0.68046875 0.0375 0.07109375
9 0.953125 0.890625 0.0234375 0.05546875
9 0.184375 0.58046875 0.0234375 0.0390625
9 0.20625 0.66875 0.025 0.0390625
9 0.9328125 0.74921875 0.0296875 0.05703125
9 0.20703125 0.49453125 0.0265625 0.0390625
9 0.8109375 0.5078125 0.21640625 0.2734375
9 0.8046875 0.78359375 0.0421875 0.0734375
9 0.940625 0.72890625 0.02890625 0.05703125
