9 0.5578125 0.83359375 0.1953125 0.20078125
9 0.08046875 0.36953125 0.1609375 0.25234375
9 0.43515625 0.41328125 0.1796875 0.1671875
9 0.7421875 0.85 0.20859375 0.20625
9 0.859375 0.68125 0.18359375 0.171875
9 0.70703125 0.66484375 0.1890625 0.178125
9 0.94921875 0.61171875 0.0984375 0.13359375
9 0.609375 0.6265625 0.14609375 0.1765625
9 0.56875 0.334375 0.2125 0.228125
9 0.5015625 0.26953125 0.0578125 0.065625
9 0.2796875 0.096875 0.12890625 0.08828125
9 0.66640625 0.8984375 0.08984375 0.09453125
9 0.37109375 0.446875 0.05234375 0.06953125
9 0.1296875 0.1734375 0.08359375 0.06015625
9 0.7078125 0.4515625 0.1265625 0.1140625
