9 0.159375 0.87421875 0.1578125 0.12578125
9 0.27578125 0.3765625 0.0796875 0.1171875
9 0.446875 0.8109375 0.13828125 0.15625
9 0.8578125 0.840625 0.1640625 0.17421875
9 0.184375 0.74296875 0.12421875 0.20703125
9 0.36328125 0.36328125 0.09765625 0.1140625
9 0.3078125 0.8375 0.14375 0.20390625
9 0.42109375 0.67265625 0.121875 0.1921875
9 0.4546875 0.36796875 0.0859375 0.1171875
9 0.21171875 0.38125 0.0640625 0.084375
9 0.303125 0.696875 0.1140625 0.15625
9 0.86484375 0.728125 0.11015625 0.13515625
9 0.1453125 0.52421875 0.08203125 0.146875
9 0.06171875 0.76875 0.1234375 0.221875
9 0.6859375 0.49375 0.0921875 0.12890625
9 0.215625 0.5375 0.084375 0.14453125
9 0.60234375 0.884375 0.184375 0.1171875
9 0.53828125 0.690625 0.11171875 0.20390625
9 0.49921875 0.48359375 0.08984375 0.1203125
9 0.57265625 0.7984375 0.1140625 0.14453125
9 0.60234375 0.43359375 0.07578125 0.09296875
9 0.60078125 0.59765625 0.09375 0.14453125
9 0.69296875 0.35703125 0.07421875 0.09609375
9 0.18984375 0.43671875 0.0921875 0.08671875
9 0.53984375 0.36640625 0.084375 0.08984375
9 0.64375 0.70703125 0.10390625 0.1828125
9 0.29296875 0.59765625 0.0859375 0.14453125
9 0.76796875 0.54375 0.0796875 0.15
9 0.59609375 0.51171875 0.10390625 0.1109375
9 0.7046875 0.6109375 0.1140625 0.14140625
9 0.4953125 0.58125 0.10234375 0.14140625
9 0.20078125 0.63828125 0.10234375 0.1171875
9 0.403125 0.5046875 0.10234375 0.1140625
9 0.4359375 0.90546875 0.15625 0.08125
9 0.38203125 0.58828125 0.1 0.13828125
9 0.68125 0.41171875 0.078125 0.08984375
9 0.0390625 0.86953125 0.078125 0.1171875
9 0.10078125 0.63046875 0.09375 0.1625
9 0.43203125 0.43359375 0.084375 0.09296875
9 0.81328125 0.63984375 0.09765625 0.1625
9 0.740625 0.45078125 0.06171875 0.078125
9 0.62109375 0.37109375 0.0703125 0.09921875
9 0.5203125 0.421875 0.084375 0.09296875
9 0.30390625 0.51171875 0.0921875 0.1234375
9 0.69921875 0.8390625 0.1296875 0.1828125
9 0.3453125 0.44921875 0.08203125 0.09296875
9 0.753125 0.74296875 0.1140625 0.2375
9 0.26328125 0.46875 0.07421875 0.09609375
9 0.078125 0.68046875 0.1078125 0.08125
