9 0.046875 0.31328125 0.09375 0.271875
9 0.31640625 0.86328125 0.09296875 0.2703125
9 0.02109375 0.053125 0.0421875 0.10625
9 0.34765625 0.48125 0.09140625 0.1984375
9 0.2265625 0.89140625 0.0890625 0.21484375
9 0.15546875 0.04765625 0.06796875 0.0953125
9 0.1875 0.26796875 0.11171875 0.26171875
9 0.65078125 0.540625 0.06484375 0.16875
9 0.2671875 0.4453125 0.10546875 0.22109375
9 0.8046875 0.55546875 0.05078125 0.1359375
9 0.40703125 0.91484375 0.06171875 0.10234375
9 0.759375 0.115625 0.06171875 0.165625
9 0.53984375 0.9171875 0.06875 0.16328125
9 0.278125 0.35390625 0.0703125 0.17421875
9 0.19609375 0.4390625 0.07421875 0.1796875
