9 0.08671875 0.8140625 0.1734375 0.3390625
9 0.83203125 0.20859375 0.13359375 0.2640625
9 0.27890625 0.859375 0.19296875 0.278125
9 0.346875 0.23359375 0.1546875 0.2640625
9 0.38828125 0.39765625 0.146875 0.271875
9 0.16875 0.3796875 0.17890625 0.24375
9 0.79765625 0.38671875 0.16875 0.4078125
9 0.6890625 0.67421875 0.15234375 0.278125
9 0.8546875 0.78359375 0.18984375 0.37109375
9 0.53515625 0.6296875 0.14765625 0.30625
9 0.53125 0.3328125 0.18515625 0.34921875
9 0.078125 0.3265625 0.1265625 0.24375
9 0.07734375 0.5546875 0.128125 0.24140625
9 0.19296875 0.1734375 0.19609375 0.20859375
9 0.48828125 0.884375 0.1734375 0.22734375
9 0.39921875 0.68046875 0.1546875 0.28203125
9 0.67421875 0.43828125 0.125 0.24375
9 0.62890625 0.19296875 0.184375 0.2640625
9 0.190625 0.6640625 0.17890625 0.359375
9 0.26953125 0.46171875 0.12890625 0.2375
9 0.48203125 0.23515625 0.12578125 0.203125
9 0.75 0.8953125 0.17734375 0.2046875
9 0.60625 0.8734375 0.13125 0.24921875
9 0.77890625 0.60859375 0.1203125 0.178125
9 0.08125 0.1828125 0.04296875 0.0609375
9 0.30390625 0.65078125 0.059375 0.15390625
9 0.47890625 0.528125 0.94453125 0.93515625
