9 0.7546875 0.35546875 0.02734375 0.05859375
9 0.6578125 0.778125 0.02578125 0.05546875
9 0.6328125 0.796875 0.02421875 0.05390625
9 0.82578125 0.3171875 0.0234375 0.04609375
9 0.20078125 0.6421875 0.021875 0.034375
9 0.8328125 0.80390625 0.04921875 0.0859375
9 0.059375 0.89765625 0.02890625 0.0515625
9 0.528125 0.721875 0.01484375 0.02890625
9 0.57109375 0.46875 0.0359375 0.0484375
9 0.14375 0.759375 0.025 0.040625
9 0.05625 0.72890625 0.01796875 0.03359375
9 0.1734375 0.6875 0.01796875 0.03359375
9 0.8828125 0.82734375 0.08046875 0.1265625
9 0.88828125 0.215625 0.0140625 0.03046875
9 0.80078125 0.75390625 0.03125 0.05
9 0.93125 0.17734375 0.01015625 0.02109375
9 0.91328125 0.178125 0.0109375 0.021875
9 0.15625 0.73984375 0.01484375 0.034375
9 0.875 0.21875 0.01484375 0.034375
9 0.0625 0.1890625 0.009375 0.021875
9 0.95546875 0.13515625 0.0078125 0.01796875
9 0.39453125 0.62734375 0.0140625 0.0265625
9 0.68203125 0.41015625 0.0265625 0.0515625
9 0.1578125 0.70078125 0.01953125 0.040625
9 0.009375 0.165625 0.01015625 0.0234375
