9 0.18671875 0.21015625 0.05234375 0.0703125
9 0.31015625 0.7703125 0.0546875 0.1140625
9 0.25703125 0.78125 0.05234375 0.08984375
9 0.21328125 0.415625 0.06015625 0.10078125
9 0.1484375 0.55234375 0.05859375 0.10390625
9 0.1265625 0.42421875 0.05625 0.0921875
9 0.5171875 0.31875 0.0296875 0.06015625
9 0.234375 0.53359375 0.06640625 0.10078125
9 0.46640625 0.40859375 0.05078125 0.06953125
9 0.44296875 0.7859375 0.040625 0.065625
9 0.23671875 0.60859375 0.0359375 0.05078125
9 0.04453125 0.475 0.03359375 0.05859375
9 0.45 0.228125 0.0296875 0.034375
9 0.28125 0.6015625 0.06328125 0.084375
9 0.74140625 0.7015625 0.02734375 0.03359375
9 0.328125 0.615625 0.05546875 0.07734375
