9 0.671875 0.8421875 0.13359375 0.2625
9 0.8703125 0.453125 0.1203125 0.26796875
9 0.3578125 0.42578125 0.08984375 0.2140625
9 0.75234375 0.5203125 0.12734375 0.271875
9 0.69296875 0.29140625 0.10625 0.24921875
9 0.7765625 0.85859375 0.1140625 0.2796875
9 0.9296875 0.24140625 0.13125 0.271875
9 0.7953125 0.28828125 0.15234375 0.32421875
9 0.81875 0.5734375 0.05234375 0.12578125
9 0.471875 0.15234375 0.08125 0.1875
9 0.58125 0.63984375 0.11484375 0.27734375
9 0.78828125 0.0359375 0.09609375 0.07109375
9 0.4546875 0.4734375 0.04140625 0.0953125
9 0.484375 0.30078125 0.09140625 0.196875
9 0.9234375 0.12890625 0.1515625 0.16328125
9 0.3046875 0.54140625 0.0546875 0.17109375
9 0.5515625 0.42109375 0.0640625 0.1109375
9 0.1734375 0.3953125 0.05 0.09921875
9 0.96328125 0.32890625 0.0640625 0.15546875
9 0.228125 0.78515625 0.05859375 0.15546875
9 0.54296875 0.096875 0.10390625 0.1859375
9 0.66796875 0.43125 0.05859375 0.11640625
9 0.27578125 0.75625 0.0640625 0.13515625
