9 0.78359375 0.27734375 0.14765625 0.36953125
9 0.64140625 0.3453125 0.1671875 0.2328125
9 0.2890625 0.67109375 0.20390625 0.20703125
9 0.4890625 0.5 0.75390625 0.98515625
9 0.73046875 0.63203125 0.19609375 0.240625
9 0.55 0.153125 0.1921875 0.2
9 0.43828125 0.3203125 0.2265625 0.20546875
9 0.5703125 0.57265625 0.13984375 0.284375
9 0.3203125 0.1546875 0.22109375 0.19375
9 0.68359375 0.18046875 0.12734375 0.16484375
9 0.58515625 0.84765625 0.175 0.20859375
9 0.9234375 0.10703125 0.11015625 0.1734375
9 0.7265625 0.86015625 0.1796875 0.20546875
9 0.98671875 0.1421875 0.0234375 0.16640625
9 0.034375 0.31328125 0.06875 0.13828125
9 0.3046875 0.496875 0.13125 0.1921875
9 0.046875 0.92109375 0.09375 0.153125
9 0.44375 0.80390625 0.1203125 0.2625
9 0.07578125 0.575 0.09140625 0.1921875
9 0.04921875 0.21171875 0.0984375 0.16484375
9 0.95546875 0.24765625 0.0859375 0.10703125
9 0.475 0.47578125 0.19765625 0.253125
9 0.9546875 0.35859375 0.0875 0.14453125
9 0.78046875 0.721875 0.10859375 0.171875
9 0.9765625 0.05234375 0.04375 0.1046875
9 0.97265625 0.9203125 0.05234375 0.15546875
9 0.7546875 0.465625 0.1359375 0.203125
9 0.0703125 0.0765625 0.09609375 0.153125
9 0.06640625 0.76328125 0.09765625 0.15859375
9 0.96015625 0.98359375 0.07734375 0.0296875
9 0.70703125 0.05234375 0.1390625 0.1046875
9 0.11015625 0.0390625 0.1046875 0.07734375
9 0.365625 0.8640625 0.1890625 0.2203125
9 0.14140625 0.3015625 0.1046875 0.1734375
9 0.1390625 0.70859375 0.06015625 0.13125
9 0.82578125 0.05234375 0.1109375 0.1046875
9 0.93046875 0.72890625 0.1015625 0.1421875
9 0.2296875 0.85703125 0.07890625 0.15
9 0.1515625 0.92109375 0.1 0.15
