9 0.22265625 0.5578125 0.33828125 0.228125
9 0.4109375 0.7171875 0.346875 0.2984375
9 0.66953125 0.459375 0.2875 0.19609375
9 0.94921875 0.72109375 0.1 0.1328125
9 0.9453125 0.5515625 0.10546875 0.13671875
9 0.69609375 0.1703125 0.21484375 0.12265625
9 0.428125 0.10078125 0.15 0.13125
9 0.41796875 0.4296875 0.25859375 0.21171875
9 0.36796875 0.159375 0.10234375 0.06640625
9 0.4625 0.034375 0.1625 0.06875
9 0.30078125 0.378125 0.09921875 0.10390625
9 0.253125 0.4328125 0.09609375 0.0390625
9 0.54140625 0.1234375 0.13046875 0.11484375
9 0.75390625 0.046875 0.19453125 0.09296875
9 0.9453125 0.8578125 0.10703125 0.1609375
9 0.53984375 0.18984375 0.09765625 0.0359375
9 0.6390625 0.125 0.06796875 0.06484375
9 0.6421875 0.0359375 0.08125 0.071875
9 0.61328125 0.1828125 0.05859375 0.05625
9 0.81328125 0.053125 0.07734375 0.07421875
9 0.58515625 0.6390625 0.259375 0.24296875
9 0.60703125 0.040625 0.1484375 0.08125
