12 0.7572115384615384 0.9615384615384616 0.16826923076923078 0.04567307692307692
12 0.9495192307692307 0.9134615384615384 0.10096153846153846 0.09134615384615384
12 0.7175480769230769 0.8870192307692307 0.15625 0.10817307692307693
12 0.53125 0.6550480769230769 0.20432692307692307 0.1346153846153846
12 0.3233173076923077 0.7055288461538461 0.18990384615384615 0.10817307692307693
12 0.3701923076923077 0.6274038461538461 0.1875 0.12740384615384615
12 0.32091346153846156 0.4795673076923077 0.21153846153846154 0.14423076923076922
12 0.08533653846153846 0.46033653846153844 0.17067307692307693 0.14182692307692307
12 0.20552884615384615 0.33533653846153844 0.21394230769230768 0.15384615384615385
12 0.40024038461538464 0.35336538461538464 0.1778846153846154 0.13701923076923078
12 0.5168269230769231 0.28125 0.17067307692307693 0.1466346153846154
12 0.19591346153846154 0.6430288461538461 0.1658653846153846 0.10336538461538461
12 0.5889423076923077 0.46875 0.14423076923076922 0.11057692307692307
12 0.02283653846153846 0.35336538461538464 0.04567307692307692 0.10096153846153846
