12 0.9375 0.796875 0.06009615384615385 0.16826923076923078
12 0.8713942307692307 0.9663461538461539 0.10336538461538461 0.0673076923076923
12 0.8665865384615384 0.75 0.1201923076923077 0.16105769230769232
12 0.6514423076923077 0.5444711538461539 0.14903846153846154 0.21153846153846154
12 0.7199519230769231 0.3425480769230769 0.12259615384615384 0.1971153846153846
12 0.6382211538461539 0.38221153846153844 0.14182692307692307 0.19471153846153846
12 0.4951923076923077 0.32091346153846156 0.16105769230769232 0.21875
12 0.4987980769230769 0.08653846153846154 0.15625 0.17307692307692307
12 0.36177884615384615 0.19230769230769232 0.17067307692307693 0.22355769230769232
12 0.3629807692307692 0.3870192307692308 0.14903846153846154 0.18509615384615385
12 0.2800480769230769 0.49759615384615385 0.15865384615384615 0.18028846153846154
12 0.6694711538461539 0.2091346153846154 0.11538461538461539 0.17307692307692307
12 0.46153846153846156 0.5853365384615384 0.1201923076923077 0.15144230769230768
12 0.39663461538461536 0.019230769230769232 0.10576923076923077 0.038461538461538464
