12 0.5793269230769231 0.06370192307692307 0.16346153846153846 0.125
12 0.47836538461538464 0.34375 0.21394230769230768 0.15625
12 0.265625 0.3629807692307692 0.19951923076923078 0.12740384615384615
12 0.33653846153846156 0.421875 0.1971153846153846 0.1466346153846154
12 0.33774038461538464 0.5769230769230769 0.22355769230769232 0.1658653846153846
12 0.1141826923076923 0.6730769230769231 0.19471153846153846 0.15865384615384615
12 0.27524038461538464 0.7512019230769231 0.22596153846153846 0.17548076923076922
12 0.453125 0.6706730769230769 0.1875 0.15384615384615385
12 0.5877403846153846 0.7019230769230769 0.18269230769230768 0.16105769230769232
12 0.1658653846153846 0.4639423076923077 0.17307692307692307 0.1201923076923077
12 0.59375 0.5 0.15384615384615385 0.125
12 0.08653846153846154 0.7980769230769231 0.07932692307692307 0.10817307692307693
