9 0.64296875 0.60859375 0.24296875 0.19609375
9 0.12734375 0.7703125 0.2546875 0.28359375
9 0.6875 0.3890625 0.23203125 0.3140625
9 0.5890625 0.9359375 0.196875 0.11875
9 0.484375 0.3609375 0.2203125 0.14453125
9 0.41875 0.80390625 0.2203125 0.38125
9 0.2375 0.64453125 0.14296875 0.16484375
9 0.94375 0.86875 0.10390625 0.25234375
9 0.8921875 0.59765625 0.20078125 0.31953125
9 0.2953125 0.9484375 0.1734375 0.09296875
9 0.15859375 0.4046875 0.115625 0.14921875
9 0.28203125 0.4328125 0.1625 0.2578125
9 0.9015625 0.353125 0.1890625 0.1390625
9 0.12578125 0.95390625 0.15078125 0.0828125
9 0.7859375 0.78359375 0.228125 0.309375
9 0.409375 0.54375 0.21640625 0.25234375
9 0.34765625 0.23984375 0.146875 0.14921875
9 0.025 0.9046875 0.05 0.18046875
9 0.4984375 0.5671875 0.99609375 0.85546875
9 0.11171875 0.52578125 0.16953125 0.21640625
9 0.24140625 0.28828125 0.10390625 0.103125
9 0.01953125 0.50546875 0.03828125 0.1234375
9 0.05 0.66015625 0.1 0.20625
9 0.29140625 0.28828125 0.196875 0.14453125
