9 0.72734375 0.39375 0.1453125 0.2515625
9 0.7453125 0.8140625 0.1453125 0.2625
9 0.3875 0.2515625 0.134375 0.2515625
9 0.61484375 0.73203125 0.1453125 0.2625
9 0.26015625 0.4046875 0.17109375 0.1859375
9 0.6328125 0.49453125 0.1671875 0.22421875
9 0.56171875 0.28984375 0.16328125 0.21875
9 0.50390625 0.3828125 0.14921875 0.2078125
9 0.74375 0.60078125 0.1421875 0.1640625
9 0.48515625 0.66640625 0.16328125 0.196875
9 0.42734375 0.4921875 0.10546875 0.2296875
9 0.21484375 0.58203125 0.13125 0.16953125
9 0.33671875 0.62578125 0.1421875 0.25703125
9 0.48515625 0.5328125 0.665625 0.8140625
9 0.51640625 0.53828125 0.07265625 0.11484375
