9 0.325 0.14609375 0.0765625 0.1015625
9 0.93359375 0.7734375 0.08671875 0.17890625
9 0.61484375 0.66953125 0.0765625 0.184375
9 0.76328125 0.5265625 0.1 0.25625
9 0.71328125 0.36875 0.09296875 0.2140625
9 0.85859375 0.38984375 0.096875 0.2203125
9 0.96328125 0.6578125 0.06640625 0.2203125
9 0.096875 0.309375 0.053125 0.10703125
9 0.68828125 0.5265625 0.05703125 0.11328125
9 0.83828125 0.625 0.096875 0.25
9 0.55 0.93125 0.03984375 0.065625
9 0.38515625 0.6484375 0.08359375 0.25
9 0.5453125 0.69609375 0.0703125 0.20234375
9 0.61328125 0.434375 0.10703125 0.1546875
9 0.3515625 0.371875 0.08359375 0.13671875
9 0.1484375 0.4109375 0.05703125 0.14296875
9 0.6546875 0.2859375 0.05703125 0.13125
9 0.903125 0.55390625 0.08671875 0.2140625
9 0.1984375 0.41953125 0.06328125 0.11328125
9 0.23203125 0.878125 0.03671875 0.065625
9 0.546875 0.33046875 0.08671875 0.17265625
