9 0.090625 0.634375 0.13515625 0.14453125
9 0.13671875 0.4875 0.14296875 0.190625
9 0.1953125 0.2265625 0.11171875 0.19609375
9 0.096875 0.2734375 0.13125 0.19609375
9 0.21640625 0.75234375 0.13125 0.14453125
9 0.26640625 0.675 0.1 0.1546875
9 0.84140625 0.3765625 0.13125 0.21640625
9 0.2703125 0.40234375 0.1234375 0.21640625
9 0.8609375 0.56953125 0.1234375 0.18046875
9 0.6234375 0.50234375 0.13515625 0.1703125
9 0.45390625 0.7140625 0.12734375 0.18046875
9 0.459375 0.30390625 0.1390625 0.1546875
9 0.56171875 0.79140625 0.11171875 0.1390625
9 0.74296875 0.79140625 0.11953125 0.1703125
9 0.475 0.45390625 0.1390625 0.1859375
9 0.64296875 0.809375 0.096875 0.14453125
9 0.54453125 0.6390625 0.115625 0.175
9 0.60234375 0.34296875 0.13125 0.18046875
9 0.72421875 0.33515625 0.12734375 0.21640625
9 0.65234375 0.67265625 0.1078125 0.1703125
9 0.74296875 0.5203125 0.12734375 0.16484375
9 0.6796875 0.23203125 0.146875 0.1234375
9 0.79375 0.70390625 0.11953125 0.14921875
9 0.55 0.2375 0.11171875 0.1859375
9 0.63125 0.5125 0.590625 0.7375
9 0.3921875 0.53125 0.11171875 0.175
