9 0.26015625 0.7375 0.1640625 0.2046875
9 0.8 0.39296875 0.21328125 0.2796875
9 0.153125 0.3 0.18203125 0.21796875
9 0.2375 0.478125 0.19140625 0.21796875
9 0.49296875 0.87109375 0.1953125 0.2046875
9 0.58671875 0.33984375 0.221875 0.2265625
9 0.8265625 0.6421875 0.18671875 0.21796875
9 0.6265625 0.56640625 0.23125 0.27109375
9 0.4109375 0.5046875 0.2 0.21796875
9 0.6109375 0.153125 0.2890625 0.19140625
9 0.3953125 0.2421875 0.2046875 0.2359375
9 0.49140625 0.51328125 0.8578125 0.9203125
9 0.46875 0.784375 0.24453125 0.378125
9 0.4625 0.6890625 0.23125 0.1953125
9 0.39140625 0.42890625 0.2578125 0.36015625
9 0.26015625 0.25078125 0.1109375 0.2265625
