9 0.69375 0.90234375 0.18984375 0.18515625
9 0.8171875 0.63046875 0.153125 0.20625
9 0.93984375 0.41875 0.11328125 0.18515625
9 0.446875 0.9484375 0.15703125 0.0921875
9 0.78671875 0.45078125 0.10546875 0.15234375
9 0.65546875 0.12734375 0.09140625 0.1359375
9 0.50390625 0.61171875 0.175 0.20078125
9 0.2265625 0.52734375 0.18984375 0.2609375
9 0.33203125 0.61953125 0.16796875 0.18515625
9 0.05078125 0.75546875 0.1015625 0.2171875
9 0.20625 0.88828125 0.1421875 0.21171875
9 0.65703125 0.41875 0.13125 0.2171875
9 0.60546875 0.55703125 0.175 0.23359375
9 0.28828125 0.31015625 0.196875 0.2609375
9 0.2921875 0.14921875 0.109375 0.125
9 0.11328125 0.93515625 0.09453125 0.11953125
9 0.303125 0.96484375 0.12421875 0.06015625
9 0.1390625 0.8125 0.1390625 0.1578125
9 0.0546875 0.54609375 0.109375 0.22265625
9 0.41796875 0.41015625 0.20078125 0.29921875
9 0.6078125 0.25234375 0.08359375 0.125
9 0.4546875 0.23359375 0.13515625 0.08671875
9 0.053125 0.290625 0.10546875 0.16875
9 0.17890625 0.228125 0.11640625 0.14140625
9 0.06015625 0.41328125 0.1203125 0.15234375
9 0.42734375 0.43984375 0.59140625 0.54375
9 0.52734375 0.33671875 0.171875 0.2609375
9 0.121875 0.68984375 0.08359375 0.15234375
