9 0.3109375 0.51875 0.04765625 0.0875
9 0.36171875 0.6390625 0.06875 0.13125
9 0.709375 0.67734375 0.065625 0.109375
9 0.13671875 0.3171875 0.06171875 0.0546875
9 0.44921875 0.5 0.06875 0.07109375
9 0.49453125 0.71015625 0.065625 0.0765625
9 0.5578125 0.68828125 0.06171875 0.13125
9 0.609375 0.5765625 0.06171875 0.09296875
9 0.28203125 0.68828125 0.06171875 0.0875
9 0.3984375 0.53515625 0.04765625 0.065625
9 0.61796875 0.69140625 0.065625 0.10390625
9 0.48515625 0.61171875 0.06171875 0.13125
9 0.2234375 0.6203125 0.06171875 0.08203125
9 0.27421875 0.609375 0.04765625 0.08203125
9 0.20546875 0.67734375 0.0546875 0.0765625
9 0.67109375 0.76796875 0.0765625 0.09296875
9 0.64375 0.63671875 0.065625 0.08203125
9 0.59609375 0.77578125 0.05078125 0.0765625
9 0.54375 0.5875 0.0546875 0.10390625
9 0.44375 0.5625 0.04375 0.0765625
9 0.46328125 0.64453125 0.57109375 0.3609375
