9 0.625 0.88125 0.18359375 0.2265625
9 0.921875 0.67578125 0.1234375 0.2203125
9 0.76796875 0.50625 0.096875 0.20234375
9 0.3796875 0.5625 0.153125 0.2203125
9 0.0546875 0.64765625 0.109375 0.2015625
9 0.5953125 0.57421875 0.1296875 0.1609375
9 0.73984375 0.83359375 0.1265625 0.26171875
9 0.48984375 0.625 0.0796875 0.0953125
9 0.36328125 0.3984375 0.153125 0.23828125
9 0.578125 0.13359375 0.096875 0.1484375
9 0.34296875 0.26796875 0.1265625 0.10703125
9 0.50859375 0.45859375 0.15 0.26171875
9 0.2203125 0.5390625 0.146875 0.2203125
9 0.2453125 0.39296875 0.1234375 0.20234375
9 0.21328125 0.33046875 0.1 0.13671875
9 0.1515625 0.4765625 0.08359375 0.20234375
9 0.871875 0.76171875 0.13671875 0.16640625
9 0.28828125 0.64296875 0.04296875 0.059375
9 0.59140625 0.41640625 0.096875 0.2140625
9 0.4265625 0.05078125 0.08671875 0.1015625
9 0.4703125 0.33359375 0.1 0.14296875
9 0.53359375 0.315625 0.0796875 0.13125
9 0.01015625 0.621875 0.0203125 0.1609375
