16 0.14140625 0.8046875 0.2828125 0.38671875
16 0.446875 0.8109375 0.334375 0.378125
16 0.796875 0.8203125 0.32578125 0.359375
16 0.06015625 0.253125 0.1203125 0.290625
16 0.16328125 0.38984375 0.28046875 0.42421875
16 0.38046875 0.615625 0.2453125 0.2765625
16 0.68125 0.4859375 0.35546875 0.45625
16 0.340625 0.26015625 0.18125 0.28984375
16 0.54453125 0.24453125 0.2703125 0.3484375
16 0.85859375 0.31640625 0.28203125 0.42734375
16 0.38359375 0.05234375 0.26640625 0.1046875
16 0.63203125 0.0875 0.2203125 0.17421875
16 0.14609375 0.078125 0.1953125 0.15625
