9 0.88515625 0.82421875 0.203125 0.29140625
9 0.403125 0.8984375 0.19296875 0.190625
9 0.51328125 0.878125 0.13984375 0.23203125
9 0.1 0.88671875 0.16015625 0.2140625
9 0.2796875 0.75859375 0.146875 0.23203125
9 0.06484375 0.7203125 0.103125 0.20234375
9 0.66328125 0.92265625 0.16015625 0.14296875
9 0.45859375 0.5265625 0.11640625 0.20859375
9 0.71015625 0.746875 0.13984375 0.29140625
9 0.4 0.76796875 0.13984375 0.16640625
9 0.51328125 0.3984375 0.10703125 0.2140625
9 0.71484375 0.184375 0.11015625 0.1546875
9 0.1296875 0.7890625 0.146875 0.20859375
9 0.6046875 0.10390625 0.1296875 0.17265625
9 0.73359375 0.3125 0.1203125 0.2203125
9 0.3546875 0.5890625 0.11015625 0.17890625
9 0.59296875 0.4671875 0.1203125 0.184375
9 0.4265625 0.70546875 0.13359375 0.1609375
9 0.5515625 0.70859375 0.1296875 0.25
9 0.61328125 0.30390625 0.13359375 0.23828125
9 0.63359375 0.63125 0.08671875 0.2734375
9 0.7015625 0.45859375 0.103125 0.190625
9 0.23671875 0.6515625 0.11328125 0.184375
9 0.5484375 0.55390625 0.0765625 0.07109375
