16 0.36875 0.0890625 0.1875 0.178125
16 0.63515625 0.13359375 0.20078125 0.2671875
16 0.86953125 0.121875 0.215625 0.24375
16 0.78125 0.3703125 0.20078125 0.3265625
16 0.96015625 0.31171875 0.0796875 0.26796875
16 0.9234375 0.58046875 0.153125 0.309375
16 0.778125 0.76875 0.2234375 0.36640625
16 0.9453125 0.86875 0.109375 0.26171875
16 0.796875 0.9765625 0.13359375 0.046875
16 0.4421875 0.32890625 0.21953125 0.3125
16 0.578125 0.528125 0.20859375 0.31875
16 0.61875 0.91328125 0.17109375 0.1734375
16 0.41640625 0.6890625 0.30234375 0.42734375
