16 0.23515625 0.67109375 0.10078125 0.18046875
16 0.10234375 0.628125 0.10390625 0.17265625
16 0.2109375 0.52265625 0.11796875 0.140625
16 0.59296875 0.5296875 0.078125 0.134375
16 0.690625 0.46171875 0.1078125 0.10625
16 0.71640625 0.61796875 0.10390625 0.12265625
16 0.6453125 0.34609375 0.09609375 0.10703125
16 0.37265625 0.5609375 0.11328125 0.11796875
16 0.4 0.71796875 0.1046875 0.165625
16 0.31640625 0.803125 0.11640625 0.11484375
16 0.3125 0.64765625 0.08671875 0.1625
16 0.3484375 0.45 0.0859375 0.09296875
16 0.19296875 0.43125 0.096875 0.10546875
16 0.13515625 0.41171875 0.08828125 0.13984375
16 0.84296875 0.6109375 0.08125 0.08671875
16 0.92421875 0.4765625 0.06875 0.146875
16 0.834375 0.4375 0.09296875 0.11796875
16 0.77890625 0.38515625 0.084375 0.11875
16 0.6421875 0.58828125 0.1078125 0.1328125
