16 0.30546875 0.62109375 0.20859375 0.14140625
16 0.28671875 0.77890625 0.221875 0.134375
16 0.5078125 0.8125 0.18984375 0.1171875
16 0.49296875 0.6734375 0.15546875 0.14609375
16 0.56953125 0.475 0.21328125 0.11328125
16 0.71484375 0.57734375 0.11171875 0.11328125
16 0.68671875 0.803125 0.1515625 0.1078125
16 0.37734375 0.496875 0.14453125 0.1359375
16 0.7 0.69296875 0.10625 0.09453125
16 0.21171875 0.6046875 0.1390625 0.165625
16 0.56875 0.25625 0.778125 0.38828125
16 0.50625 0.4125 0.14921875 0.125
