9 0.571875 0.1328125 0.14765625 0.12578125
9 0.428125 0.13046875 0.13515625 0.11640625
9 0.1109375 0.13359375 0.13046875 0.11875
9 0.5578125 0.703125 0.203125 0.1875
9 0.24296875 0.41171875 0.15 0.14609375
9 0.27109375 0.14296875 0.16484375 0.15078125
9 0.07734375 0.42109375 0.15390625 0.17109375
9 0.22265625 0.56171875 0.165625 0.1625
9 0.39765625 0.89765625 0.20078125 0.18203125
9 0.36484375 0.7109375 0.18125 0.14296875
9 0.74609375 0.69140625 0.16484375 0.15625
9 0.584375 0.25859375 0.1375 0.15546875
9 0.4375 0.26328125 0.14609375 0.17421875
9 0.73046875 0.25390625 0.15234375 0.15859375
9 0.91875 0.7109375 0.16015625 0.153125
9 0.40390625 0.39453125 0.16953125 0.16328125
9 0.7265625 0.39140625 0.16328125 0.15546875
9 0.2015625 0.8953125 0.16328125 0.18671875
9 0.56015625 0.39609375 0.153125 0.15546875
9 0.09609375 0.2765625 0.165625 0.165625
9 0.78984375 0.88671875 0.20078125 0.19921875
9 0.85390625 0.1265625 0.12890625 0.13203125
9 0.18984375 0.70546875 0.14921875 0.13671875
9 0.9078125 0.53828125 0.18046875 0.171875
9 0.89296875 0.38046875 0.165625 0.16953125
9 0.07109375 0.5734375 0.1421875 0.140625
9 0.59765625 0.896875 0.18125 0.19140625
9 0.94453125 0.88671875 0.10859375 0.19296875
9 0.725 0.52734375 0.18984375 0.16328125
9 0.3875 0.5453125 0.16015625 0.16171875
9 0.8796875 0.2375 0.13828125 0.13125
9 0.05625 0.74609375 0.1125 0.18203125
9 0.03359375 0.91796875 0.0671875 0.1484375
9 0.54296875 0.5265625 0.17890625 0.13828125
9 0.7203125 0.12890625 0.140625 0.13515625
9 0.28046875 0.27265625 0.175 0.18515625
