9 0.63984375 0.22421875 0.2625 0.44765625
9 0.79375 0.63359375 0.3203125 0.728125
9 0.14609375 0.82109375 0.2453125 0.35390625
9 0.31171875 0.95859375 0.19453125 0.078125
9 0.19609375 0.2671875 0.17578125 0.534375
9 0.86953125 0.28984375 0.25859375 0.35625
9 0.571875 0.75390625 0.3484375 0.48828125
9 0.3625 0.46015625 0.3171875 0.82734375
9 0.55546875 0.56875 0.19140625 0.34140625
9 0.39921875 0.13671875 0.228125 0.27265625
9 0.4546875 0.86953125 0.13828125 0.25625
9 0.15390625 0.62109375 0.19453125 0.20390625
