9 0.3578125 0.44453125 0.1765625 0.26484375
9 0.5359375 0.81171875 0.2234375 0.29140625
9 0.21875 0.61875 0.209375 0.2828125
9 0.67265625 0.7234375 0.171875 0.2734375
9 0.55 0.49296875 0.19921875 0.3640625
9 0.65625 0.25078125 0.15390625 0.18203125
9 0.403125 0.6828125 0.1875 0.28203125
9 0.3421875 0.2640625 0.1359375 0.171875
9 0.72421875 0.49765625 0.1796875 0.28828125
9 0.4453125 0.18671875 0.10546875 0.1546875
9 0.85859375 0.63515625 0.175 0.253125
9 0.23203125 0.396875 0.1125 0.25078125
9 0.54375 0.2375 0.0859375 0.12421875
9 0.490625 0.32265625 0.165625 0.2203125
9 0.6203125 0.36171875 0.1109375 0.09921875
9 0.7578125 0.29765625 0.1421875 0.2328125
9 0.85390625 0.47578125 0.11875 0.12734375
9 0.2359375 0.33515625 0.1 0.128125
9 0.53125 0.5328125 0.83125 0.846875
