16 0.11953125 0.13515625 0.2390625 0.2171875
16 0.3359375 0.0640625 0.28984375 0.12734375
16 0.69296875 0.0390625 0.34765625 0.07578125
16 0.1515625 0.26015625 0.303125 0.2796875
16 0.4390625 0.24140625 0.471875 0.30859375
16 0.90390625 0.128125 0.19140625 0.25546875
16 0.8109375 0.209375 0.30546875 0.1609375
16 0.0921875 0.5296875 0.184375 0.2609375
16 0.26328125 0.553125 0.3796875 0.30859375
16 0.7296875 0.41875 0.4828125 0.29140625
16 0.08359375 0.7296875 0.1671875 0.15
16 0.48671875 0.6921875 0.48203125 0.33671875
16 0.84375 0.6515625 0.31171875 0.2609375
16 0.13984375 0.87265625 0.27890625 0.25390625
16 0.4265625 0.92578125 0.5 0.1484375
16 0.7875 0.89140625 0.425 0.2171875
