16 0.15234375 0.10625 0.2328125 0.2125
16 0.0328125 0.2921875 0.06484375 0.34453125
16 0.1453125 0.409375 0.18046875 0.3875
16 0.23515625 0.49921875 0.2578125 0.4875
16 0.1046875 0.8015625 0.209375 0.39609375
16 0.31875 0.84375 0.2328125 0.3125
16 0.40234375 0.10703125 0.27265625 0.21328125
16 0.396875 0.31328125 0.14296875 0.16953125
16 0.484375 0.61796875 0.26484375 0.49296875
16 0.56875 0.875 0.23984375 0.25
16 0.56875 0.25390625 0.24921875 0.43515625
16 0.83046875 0.1703125 0.2765625 0.340625
16 0.74765625 0.6453125 0.26015625 0.4875
16 0.8203125 0.89765625 0.2265625 0.2046875
16 0.93984375 0.7671875 0.1203125 0.4625
16 0.88515625 0.4625 0.13125 0.178125
16 0.6328125 0.090625 0.18671875 0.18046875
