0 0.35234375 0.209375 0.2734375 0.41875
0 0.140625 0.32734375 0.28125 0.1828125
0 0.13515625 0.12265625 0.2703125 0.2453125
0 0.9109375 0.1796875 0.1375 0.20625
0 0.9828125 0.22109375 0.034375 0.1140625
0 0.68125 0.35625 0.109375 0.125
0 0.6484375 0.23671875 0.096875 0.134375
0 0.575 0.04609375 0.090625 0.0921875
0 0.50703125 0.21640625 0.0359375 0.0515625
0 0.5046875 0.16953125 0.03125 0.0390625
0 0.56640625 0.10625 0.046875 0.04453125
0 0.7671875 0.33984375 0.0328125 0.03984375
0 0.24453125 0.725 0.4890625 0.55
0 0.753125 0.45859375 0.1125 0.0796875
0 0.61875 0.54609375 0.2125 0.2546875
0 0.70390625 0.8296875 0.2265625 0.340625
