9 0.6859375 0.8453125 0.403125 0.30390625
9 0.66171875 0.53828125 0.309375 0.4625
9 0.0640625 0.88359375 0.128125 0.23046875
9 0.34296875 0.16328125 0.1515625 0.20703125
9 0.503125 0.453125 0.21328125 0.421875
9 0.9375 0.86796875 0.1234375 0.25859375
9 0.7015625 0.2734375 0.21640625 0.246875
9 0.16875 0.29453125 0.16328125 0.23046875
9 0.92890625 0.17265625 0.140625 0.3125
9 0.053125 0.325 0.10625 0.65
9 0.26171875 0.81640625 0.2859375 0.3609375
9 0.2171875 0.51484375 0.27265625 0.47109375
9 0.0296875 0.7140625 0.059375 0.13046875
9 0.89921875 0.55234375 0.2 0.4984375
