9 0.26640625 0.69296875 0.3046875 0.21484375
9 0.77421875 0.81484375 0.2234375 0.2734375
9 0.034375 0.73203125 0.06875 0.18515625
9 0.37578125 0.87578125 0.3046875 0.2390625
9 0.8171875 0.65625 0.21171875 0.17109375
9 0.38046875 0.178125 0.25625 0.22890625
9 0.5671875 0.62421875 0.19140625 0.17578125
9 0.8390625 0.33671875 0.109375 0.14609375
9 0.03046875 0.41484375 0.0609375 0.15625
9 0.67109375 0.23671875 0.14609375 0.1515625
9 0.5484375 0.10703125 0.1546875 0.18515625
9 0.4859375 0.29765625 0.25625 0.234375
9 0.51640625 0.76328125 0.25234375 0.2390625
9 0.37578125 0.409375 0.175 0.17578125
9 0.26640625 0.31953125 0.09375 0.14140625
9 0.6828125 0.38046875 0.10546875 0.14609375
9 0.5 0.48046875 0.0734375 0.14140625
9 0.23203125 0.2125 0.08125 0.1609375
9 0.47734375 0.3390625 0.56484375 0.65859375
9 0.62578125 0.51484375 0.22734375 0.278125
