9 0.42265625 0.22109375 0.12109375 0.2
9 0.35078125 0.1265625 0.0984375 0.17890625
9 0.63984375 0.41328125 0.08671875 0.1421875
9 0.31484375 0.56015625 0.04921875 0.0578125
9 0.72109375 0.43125 0.06796875 0.115625
9 0.51484375 0.05234375 0.0640625 0.09453125
9 0.1921875 0.68671875 0.03046875 0.04765625
9 0.58515625 0.13984375 0.06796875 0.08984375
9 0.24375 0.4765625 0.04921875 0.0578125
9 0.0890625 0.6578125 0.04140625 0.06328125
9 0.0640625 0.77890625 0.03046875 0.0421875
9 0.3171875 0.73125 0.03046875 0.05234375
9 0.15859375 0.53125 0.053125 0.0734375
9 0.25859375 0.53984375 0.05625 0.07890625
9 0.41328125 0.56328125 0.04921875 0.0734375
9 0.02265625 0.70234375 0.0453125 0.06875
9 0.03984375 0.65234375 0.04140625 0.05234375
