9 0.64140625 0.34609375 0.16875 0.2375
9 0.2875 0.6671875 0.2015625 0.2
9 0.7328125 0.62734375 0.190625 0.2375
9 0.44296875 0.31640625 0.20546875 0.2
9 0.47421875 0.47265625 0.19375 0.25390625
9 0.54921875 0.1515625 0.190625 0.20546875
9 0.32421875 0.1515625 0.20859375 0.20546875
9 0.4890625 0.49765625 0.77265625 0.98359375
9 0.56953125 0.56484375 0.14296875 0.27578125
9 0.0328125 0.31328125 0.065625 0.1296875
9 0.075 0.5671875 0.09140625 0.18359375
9 0.58046875 0.8484375 0.16484375 0.21640625
9 0.92109375 0.1078125 0.10625 0.17265625
9 0.06015625 0.07578125 0.11328125 0.1515625
9 0.36484375 0.859375 0.19375 0.21640625
9 0.1390625 0.2890625 0.10234375 0.15703125
9 0.68671875 0.17265625 0.12109375 0.17265625
9 0.04921875 0.20703125 0.0984375 0.1578125
9 0.98515625 0.1515625 0.021875 0.17265625
9 0.44296875 0.81328125 0.1171875 0.24296875
9 0.065625 0.76484375 0.0953125 0.1671875
9 0.96875 0.91640625 0.0546875 0.15703125
9 0.95390625 0.24609375 0.084375 0.10234375
9 0.04609375 0.921875 0.09140625 0.14609375
9 0.0234375 0.434375 0.046875 0.15625
9 0.11015625 0.03515625 0.11015625 0.0703125
9 0.2984375 0.49453125 0.12109375 0.178125
9 0.23828125 0.3515625 0.190625 0.21640625
9 0.734375 0.82421875 0.19375 0.27578125
9 0.78203125 0.2625 0.15 0.3515625
