9 0.40703125 0.759375 0.378125 0.4703125
9 0.68359375 0.18046875 0.4 0.3609375
9 0.72578125 0.56015625 0.3890625 0.5953125
9 0.35625 0.3609375 0.39296875 0.4921875
9 0.0875 0.35 0.17421875 0.53515625
9 0.6890625 0.88515625 0.3015625 0.21875
9 0.9125 0.3609375 0.1671875 0.459375
9 0.41484375 0.10390625 0.3203125 0.2078125
9 0.9109375 0.7953125 0.17109375 0.39921875
9 0.92265625 0.084375 0.1453125 0.16875
9 0.4984375 0.49765625 0.99609375 0.99453125
9 0.04921875 0.040625 0.0984375 0.08125
9 0.1421875 0.1421875 0.28359375 0.284375
9 0.184375 0.01875 0.203125 0.0375
9 0.1109375 0.784375 0.221875 0.42109375
