9 0.46640625 0.88828125 0.1703125 0.20859375
9 0.75 0.36640625 0.21171875 0.13125
9 0.64140625 0.34375 0.16015625 0.1546875
9 0.49453125 0.32421875 0.175 0.1390625
9 0.30703125 0.63125 0.18046875 0.1734375
9 0.9484375 0.54453125 0.09296875 0.1625
9 0.4796875 0.66015625 0.175 0.115625
9 0.1703125 0.92265625 0.24765625 0.146875
9 0.30703125 0.3109375 0.1703125 0.12734375
9 0.28125 0.41875 0.23203125 0.13515625
9 0.48203125 0.45390625 0.79921875 0.54453125
9 0.65703125 0.49609375 0.16015625 0.14296875
9 0.9484375 0.42109375 0.09296875 0.1078125
9 0.94609375 0.31640625 0.09765625 0.146875
9 0.6828125 0.9421875 0.20078125 0.1078125
9 0.471875 0.48671875 0.16015625 0.17734375
9 0.528125 0.94609375 0.14921875 0.1
9 0.309375 0.50546875 0.1859375 0.13125
9 0.1671875 0.52890625 0.11875 0.1078125
9 0.77578125 0.47265625 0.18046875 0.096875
