16 0.35546875 0.565625 0.2328125 0.36953125
16 0.5203125 0.646875 0.21796875 0.315625
16 0.66875 0.6109375 0.20703125 0.3328125
16 0.534375 0.83203125 0.14140625 0.0515625
16 0.55078125 0.8921875 0.17578125 0.0890625
16 0.68203125 0.890625 0.2046875 0.0578125
16 0.74296875 0.809375 0.1765625 0.1
16 0.340625 0.759375 0.15703125 0.05703125
16 0.303125 0.82734375 0.15703125 0.08515625
16 0.3015625 0.78515625 0.12109375 0.05390625
16 0.25390625 0.8078125 0.05546875 0.0390625
16 0.36015625 0.83125 0.065625 0.06796875
