9 0.546875 0.153125 0.1421875 0.146875
9 0.13125 0.3734375 0.146875 0.16015625
9 0.4734375 0.26875 0.18203125 0.1640625
9 0.46640625 0.4265625 0.2046875 0.16015625
9 0.7796875 0.24921875 0.1734375 0.178125
9 0.23125 0.5265625 0.1953125 0.1640625
9 0.39296875 0.578125 0.1640625 0.2046875
9 0.38203125 0.21796875 0.16875 0.12421875
9 0.553125 0.58671875 0.18203125 0.178125
9 0.68203125 0.4953125 0.1640625 0.146875
9 0.4625 0.41796875 0.8265625 0.67578125
9 0.29765625 0.36640625 0.16015625 0.15546875
