9 0.696875 0.8984375 0.1 0.190625
9 0.778125 0.5890625 0.14296875 0.2859375
9 0.44140625 0.503125 0.05 0.125
9 0.6546875 0.5859375 0.103125 0.20859375
9 0.6984375 0.72890625 0.03671875 0.1484375
9 0.5765625 0.70859375 0.1 0.2140625
9 0.53984375 0.58046875 0.046875 0.07734375
9 0.33828125 0.746875 0.0234375 0.065625
9 0.2984375 0.83046875 0.03671875 0.065625
9 0.38515625 0.7796875 0.04296875 0.10703125
9 0.35703125 0.7859375 0.0265625 0.08359375
9 0.246875 0.77109375 0.0265625 0.05390625
9 0.63515625 0.69921875 0.06328125 0.1609375
9 0.25859375 0.684375 0.01640625 0.04765625
9 0.51015625 0.49140625 0.03984375 0.065625
9 0.575 0.565625 0.0296875 0.07109375
9 0.20859375 0.79453125 0.03671875 0.05390625
9 0.65859375 0.7859375 0.03671875 0.059375
9 0.38828125 0.621875 0.03671875 0.07734375
9 0.36640625 0.7734375 0.0796875 0.11875
