9 0.0234375 0.103125 0.03125 0.0515625
9 0.08125 0.940625 0.04609375 0.07734375
9 0.11015625 0.1265625 0.02734375 0.04609375
9 0.2859375 0.190625 0.0234375 0.04140625
9 0.009375 0.88359375 0.01875 0.0453125
9 0.27578125 0.6859375 0.02734375 0.04140625
9 0.43984375 0.21640625 0.015625 0.03125
9 0.47890625 0.24453125 0.0234375 0.0359375
9 0.58515625 0.28359375 0.01953125 0.03125
9 0.35546875 0.73203125 0.03125 0.04140625
9 0.57890625 0.62109375 0.0234375 0.0359375
9 0.0171875 0.76796875 0.034375 0.04140625
9 0.18125 0.1390625 0.0234375 0.04140625
9 0.0640625 0.8734375 0.0421875 0.05703125
9 0.1296875 0.80390625 0.0421875 0.071875
9 0.00546875 0.81328125 0.0109375 0.0515625
9 0.6734375 0.54140625 0.02734375 0.04140625
9 0.15078125 0.1390625 0.03125 0.04140625
9 0.409375 0.2140625 0.03125 0.04609375
9 0.2390625 0.178125 0.0234375 0.0359375
