8 0.4640625 0.23203125 0.20625 0.20078125
8 0.22421875 0.82421875 0.221875 0.24296875
8 0.25234375 0.2203125 0.21640625 0.20078125
8 0.6625 0.21640625 0.18046875 0.16953125
8 0.47421875 0.41875 0.21640625 0.1890625
8 0.45625 0.81875 0.25234375 0.2390625
8 0.26015625 0.409375 0.21171875 0.19296875
8 0.678125 0.5828125 0.21171875 0.19296875
8 0.68828125 0.39375 0.21171875 0.19296875
8 0.69296875 0.79375 0.2421875 0.23515625
8 0.47421875 0.60234375 0.2265625 0.19296875
8 0.2421875 0.6078125 0.2375 0.2125
