12 0.16947115384615385 0.07091346153846154 0.2283653846153846 0.14182692307692307
12 0.10697115384615384 0.28846153846153844 0.1875 0.23076923076923078
12 0.0733173076923077 0.4951923076923077 0.1466346153846154 0.24519230769230768
12 0.109375 0.7115384615384616 0.21875 0.22596153846153846
12 0.0829326923076923 0.875 0.1658653846153846 0.14903846153846154
12 0.3293269230769231 0.14302884615384615 0.2548076923076923 0.2860576923076923
12 0.3473557692307692 0.4338942307692308 0.25240384615384615 0.25
12 0.37740384615384615 0.6225961538461539 0.21634615384615385 0.20192307692307693
12 0.2403846153846154 0.78125 0.1778846153846154 0.23798076923076922
12 0.3641826923076923 0.8341346153846154 0.20432692307692307 0.23557692307692307
12 0.6370192307692307 0.30528846153846156 0.23317307692307693 0.25
12 0.53125 0.4362980769230769 0.19471153846153846 0.23076923076923078
12 0.6021634615384616 0.6514423076923077 0.20432692307692307 0.21394230769230768
12 0.5625 0.8245192307692307 0.21634615384615385 0.19951923076923078
12 0.7800480769230769 0.6923076923076923 0.23076923076923078 0.3125
12 0.8942307692307693 0.5420673076923077 0.21153846153846154 0.2620192307692308
12 0.8449519230769231 0.33052884615384615 0.24278846153846154 0.21634615384615385
12 0.8665865384615384 0.125 0.1971153846153846 0.17067307692307693
12 0.4879807692307692 0.13942307692307693 0.1875 0.2620192307692308
