12 0.07692307692307693 0.8533653846153846 0.15384615384615385 0.22115384615384615
12 0.3088942307692308 0.9038461538461539 0.22355769230769232 0.1778846153846154
12 0.5180288461538461 0.9290865384615384 0.23798076923076922 0.14182692307692307
12 0.7319711538461539 0.8834134615384616 0.21634615384615385 0.22115384615384615
12 0.8966346153846154 0.9086538461538461 0.13942307692307693 0.18269230769230768
12 0.14543269230769232 0.6899038461538461 0.29086538461538464 0.24278846153846154
12 0.4423076923076923 0.65625 0.2403846153846154 0.24278846153846154
12 0.6286057692307693 0.6165865384615384 0.19230769230769232 0.2091346153846154
12 0.7944711538461539 0.7451923076923077 0.23076923076923078 0.16826923076923078
12 0.8401442307692307 0.6177884615384616 0.2283653846153846 0.19471153846153846
12 0.2980769230769231 0.3737980769230769 0.2403846153846154 0.22355769230769232
12 0.43509615384615385 0.4723557692307692 0.22355769230769232 0.18509615384615385
12 0.6454326923076923 0.3894230769230769 0.20432692307692307 0.1971153846153846
12 0.8197115384615384 0.41947115384615385 0.18990384615384615 0.2091346153846154
12 0.6778846153846154 0.21033653846153846 0.30528846153846156 0.21634615384615385
12 0.5192307692307693 0.10216346153846154 0.2548076923076923 0.20432692307692307
12 0.3125 0.16466346153846154 0.20673076923076922 0.23557692307692307
12 0.10576923076923077 0.15384615384615385 0.16105769230769232 0.19230769230769232
12 0.140625 0.53125 0.2548076923076923 0.17548076923076922
