12 0.8605769230769231 0.07932692307692307 0.21634615384615385 0.15865384615384615
12 0.9074519230769231 0.3161057692307692 0.17307692307692307 0.22115384615384615
12 0.9290865384615384 0.5252403846153846 0.14182692307692307 0.23798076923076922
12 0.8786057692307693 0.7379807692307693 0.21875 0.21394230769230768
12 0.9050480769230769 0.9050480769230769 0.18990384615384615 0.13701923076923078
12 0.6959134615384616 0.14903846153846154 0.23798076923076922 0.2860576923076923
12 0.6574519230769231 0.44471153846153844 0.2403846153846154 0.23798076923076922
12 0.6141826923076923 0.6310096153846154 0.20673076923076922 0.18990384615384615
12 0.7391826923076923 0.7992788461538461 0.1658653846153846 0.23076923076923078
12 0.6117788461538461 0.8425480769230769 0.18990384615384615 0.22596153846153846
12 0.37740384615384615 0.2956730769230769 0.22115384615384615 0.23798076923076922
12 0.4735576923076923 0.43509615384615385 0.18028846153846154 0.22115384615384615
12 0.3870192307692308 0.6442307692307693 0.19471153846153846 0.20192307692307693
12 0.41466346153846156 0.8185096153846154 0.20673076923076922 0.1875
12 0.20793269230769232 0.6730769230769231 0.21153846153846154 0.3004807692307692
12 0.10096153846153846 0.5132211538461539 0.20192307692307693 0.25240384615384615
12 0.16826923076923078 0.30649038461538464 0.23076923076923078 0.20432692307692307
12 0.16105769230769232 0.09975961538461539 0.18990384615384615 0.15865384615384615
12 0.5372596153846154 0.140625 0.17067307692307693 0.25240384615384615
