9 0.39296875 0.81171875 0.0921875 0.140625
9 0.434375 0.640625 0.05078125 0.10546875
9 0.59609375 0.6765625 0.0578125 0.103125
9 0.33125 0.821875 0.05390625 0.12109375
9 0.45859375 0.84921875 0.059375 0.1234375
9 0.346875 0.92734375 0.03359375 0.1015625
9 0.36796875 0.503125 0.0625 0.078125
9 0.55390625 0.959375 0.0609375 0.078125
9 0.659375 0.82578125 0.04765625 0.065625
9 0.6859375 0.878125 0.084375 0.13046875
9 0.36328125 0.696875 0.06875 0.121875
9 0.4 0.934375 0.08984375 0.125
9 0.7 0.9703125 0.08046875 0.05703125
9 0.775 0.87578125 0.06171875 0.08203125
9 0.5078125 0.96953125 0.0921875 0.05859375
9 0.7609375 0.78203125 0.06484375 0.1140625
9 0.6765625 0.43125 0.02734375 0.065625
9 0.409375 0.534375 0.0296875 0.059375
9 0.78515625 0.5140625 0.0296875 0.05859375
9 0.9171875 0.68828125 0.03984375 0.07109375
9 0.546875 0.74296875 0.053125 0.103125
9 0.3828125 0.6125 0.06328125 0.103125
9 0.571875 0.46328125 0.03359375 0.07109375
9 0.38125 0.546875 0.0484375 0.06796875
9 0.4796875 0.95546875 0.06953125 0.08359375
9 0.8296875 0.5390625 0.03125 0.078125
9 0.3328125 0.56171875 0.04765625 0.0765625
9 0.68828125 0.70234375 0.05 0.084375
9 0.52578125 0.584375 0.103125 0.140625
9 0.81875 0.7796875 0.053125 0.084375
9 0.54453125 0.60859375 0.0390625 0.0890625
9 0.5984375 0.77265625 0.0625 0.09296875
9 0.64921875 0.671875 0.0375 0.0640625
9 0.62578125 0.57265625 0.04375 0.07109375
9 0.465625 0.56484375 0.03125 0.059375
9 0.4390625 0.57890625 0.03359375 0.04453125
9 0.41875 0.70078125 0.04921875 0.084375
9 0.7171875 0.7765625 0.04375 0.103125
9 0.59375 0.55703125 0.03828125 0.08046875
9 0.52890625 0.55546875 0.04375 0.08359375
9 0.8625 0.80625 0.053125 0.0625
9 0.61875 0.89765625 0.0625 0.1015625
9 0.74140625 0.65234375 0.0359375 0.07890625
9 0.625 0.434375 0.02890625 0.04609375
9 0.33515625 0.68046875 0.0453125 0.09140625
9 0.7140625 0.6015625 0.0328125 0.06640625
9 0.896875 0.75703125 0.0359375 0.046875
9 0.7328125 0.484375 0.03203125 0.05859375
9 0.63125 0.96015625 0.06328125 0.0765625
9 0.68203125 0.540625 0.0390625 0.07890625
9 0.7671875 0.4625 0.02890625 0.0609375
9 0.896875 0.61875 0.03515625 0.08203125
9 0.5046875 0.609375 0.04140625 0.08046875
9 0.759375 0.51875 0.02578125 0.065625
9 0.64375 0.5515625 0.03359375 0.06953125
9 0.4984375 0.54765625 0.025 0.04296875
9 0.68515625 0.6390625 0.046875 0.078125
9 0.853125 0.73046875 0.05625 0.10859375
9 0.8421875 0.57890625 0.03515625 0.08359375
