9 0.1453125 0.80703125 0.1484375 0.290625
9 0.31328125 0.8390625 0.20546875 0.31875
9 0.51484375 0.7578125 0.19609375 0.48125
9 0.3953125 0.56796875 0.16640625 0.26484375
9 0.9140625 0.53359375 0.109375 0.20703125
9 0.36796875 0.31328125 0.07890625 0.13203125
9 0.84140625 0.66953125 0.1109375 0.21953125
9 0.690625 0.35234375 0.1625 0.221875
9 0.81171875 0.4421875 0.14453125 0.26484375
9 0.803125 0.4984375 0.12421875 0.15546875
9 0.55546875 0.6640625 0.1796875 0.29296875
9 0.76484375 0.80390625 0.140625 0.24453125
9 0.546875 0.5859375 0.16484375 0.13203125
9 0.71015625 0.65703125 0.1734375 0.3453125
