9 0.49375 0.7859375 0.08515625 0.15625
9 0.58125 0.76640625 0.0953125 0.1359375
9 0.3859375 0.7046875 0.07265625 0.13359375
9 0.671875 0.69921875 0.1140625 0.2546875
9 0.4171875 0.7921875 0.0828125 0.12421875
9 0.84921875 0.5390625 0.0734375 0.10390625
9 0.44296875 0.6265625 0.0859375 0.109375
9 0.365625 0.6109375 0.0484375 0.05625
9 0.76328125 0.5671875 0.04140625 0.05859375
9 0.61328125 0.5734375 0.0609375 0.08671875
9 0.6734375 0.51640625 0.03984375 0.06953125
9 0.5140625 0.6359375 0.06640625 0.11328125
9 0.7765625 0.55390625 0.0703125 0.0890625
9 0.5796875 0.6640625 0.0828125 0.0984375
