9 0.49921875 0.35859375 0.23828125 0.71640625
9 0.34609375 0.6359375 0.2109375 0.3265625
9 0.7203125 0.5265625 0.246875 0.3453125
9 0.0578125 0.63671875 0.11484375 0.38828125
9 0.68515625 0.2015625 0.2078125 0.403125
9 0.5453125 0.69140625 0.19453125 0.16875
9 0.88359375 0.63359375 0.2296875 0.175
9 0.9421875 0.3671875 0.1125 0.4
9 0.184375 0.7546875 0.1359375 0.15625
9 0.2109375 0.453125 0.23828125 0.53046875
9 0.28125 0.1203125 0.22890625 0.240625
9 0.09765625 0.29609375 0.1953125 0.36640625
9 0.359375 0.3328125 0.09296875 0.353125
9 0.1 0.10625 0.2 0.21171875
9 0.62578125 0.4265625 0.0671875 0.2390625
