12 0.4170673076923077 0.13341346153846154 0.3389423076923077 0.2668269230769231
12 0.296875 0.3762019230769231 0.3557692307692308 0.3605769230769231
12 0.9002403846153846 0.6490384615384616 0.19951923076923078 0.33653846153846156
12 0.8473557692307693 0.8930288461538461 0.19951923076923078 0.21394230769230768
12 0.6634615384615384 0.6490384615384616 0.36778846153846156 0.39903846153846156
12 0.6322115384615384 0.9050480769230769 0.27403846153846156 0.18990384615384615
12 0.3629807692307692 0.9459134615384616 0.2692307692307692 0.10817307692307693
12 0.33653846153846156 0.7067307692307693 0.31971153846153844 0.3389423076923077
12 0.15264423076923078 0.8449519230769231 0.28125 0.23317307692307693
12 0.040865384615384616 0.7632211538461539 0.08173076923076923 0.3004807692307692
