12 0.12139423076923077 0.8485576923076923 0.18990384615384615 0.23798076923076922
12 0.09134615384615384 0.6201923076923077 0.18269230769230768 0.2692307692307692
12 0.3293269230769231 0.6237980769230769 0.3125 0.2932692307692308
12 0.3317307692307692 0.8786057692307693 0.27403846153846156 0.24278846153846154
12 0.6021634615384616 0.9074519230769231 0.28125 0.18509615384615385
12 0.6274038461538461 0.22716346153846154 0.31009615384615385 0.23076923076923078
12 0.7175480769230769 0.4362980769230769 0.31971153846153844 0.2692307692307692
12 0.6502403846153846 0.6826923076923077 0.2932692307692308 0.25
12 0.8329326923076923 0.8329326923076923 0.27884615384615385 0.2403846153846154
12 0.9591346153846154 0.7307692307692307 0.08173076923076923 0.24519230769230768
