12 0.3894230769230769 0.8677884615384616 0.32211538461538464 0.2644230769230769
12 0.28846153846153844 0.609375 0.3389423076923077 0.34134615384615385
12 0.9098557692307693 0.37740384615384615 0.18028846153846154 0.3317307692307692
12 0.8774038461538461 0.11778846153846154 0.18269230769230768 0.23557692307692307
12 0.6730769230769231 0.3629807692307692 0.3485576923076923 0.38221153846153844
12 0.6622596153846154 0.09615384615384616 0.2620192307692308 0.19230769230769232
12 0.3954326923076923 0.04447115384615385 0.2668269230769231 0.0889423076923077
12 0.35096153846153844 0.2824519230769231 0.30288461538461536 0.3245192307692308
12 0.1778846153846154 0.1310096153846154 0.27163461538461536 0.21634615384615385
12 0.04567307692307692 0.20072115384615385 0.09134615384615384 0.2956730769230769
