12 0.13221153846153846 0.6105769230769231 0.2644230769230769 0.32211538461538464
12 0.390625 0.7115384615384616 0.34134615384615385 0.3389423076923077
12 0.6225961538461539 0.09014423076923077 0.3317307692307692 0.18028846153846154
12 0.8822115384615384 0.12259615384615384 0.23557692307692307 0.18269230769230768
12 0.6370192307692307 0.3269230769230769 0.38221153846153844 0.3485576923076923
12 0.9026442307692307 0.33533653846153844 0.19471153846153846 0.2620192307692308
12 0.9555288461538461 0.6045673076923077 0.0889423076923077 0.2668269230769231
12 0.7175480769230769 0.6490384615384616 0.3245192307692308 0.30288461538461536
12 0.8689903846153846 0.8221153846153846 0.21634615384615385 0.27163461538461536
12 0.7992788461538461 0.953125 0.2956730769230769 0.09375
