12 0.9074519230769231 0.8137019230769231 0.17067307692307693 0.22355769230769232
12 0.9182692307692307 0.5853365384615384 0.16346153846153846 0.25721153846153844
12 0.6802884615384616 0.6081730769230769 0.2932692307692308 0.2692307692307692
12 0.7007211538461539 0.8629807692307693 0.25721153846153844 0.22355769230769232
12 0.4326923076923077 0.9170673076923077 0.2692307692307692 0.1658653846153846
12 0.3485576923076923 0.23918269230769232 0.2956730769230769 0.20673076923076922
12 0.2776442307692308 0.45552884615384615 0.3004807692307692 0.24519230769230768
12 0.36538461538461536 0.6947115384615384 0.2764423076923077 0.2283653846153846
12 0.1971153846153846 0.8605769230769231 0.2620192307692308 0.22115384615384615
12 0.04567307692307692 0.7728365384615384 0.09134615384615384 0.23798076923076922
