12 0.7992788461538461 0.11538461538461539 0.2956730769230769 0.23076923076923078
12 0.515625 0.12980769230769232 0.3004807692307692 0.25961538461538464
12 0.6213942307692307 0.24278846153846154 0.31971153846153844 0.3004807692307692
12 0.11778846153846154 0.3076923076923077 0.23557692307692307 0.2644230769230769
12 0.3076923076923077 0.31009615384615385 0.18990384615384615 0.21153846153846154
12 0.4579326923076923 0.41346153846153844 0.2620192307692308 0.24519230769230768
12 0.8377403846153846 0.42908653846153844 0.3245192307692308 0.38221153846153844
12 0.42427884615384615 0.6586538461538461 0.3629807692307692 0.36778846153846156
12 0.6766826923076923 0.6646634615384616 0.23317307692307693 0.2403846153846154
12 0.8461538461538461 0.7956730769230769 0.3076923076923077 0.32211538461538464
12 0.6165865384615384 0.8737980769230769 0.31490384615384615 0.25240384615384615
12 0.9242788461538461 0.2668269230769231 0.10817307692307693 0.15144230769230768
12 0.9435096153846154 0.6286057692307693 0.11298076923076923 0.18990384615384615
