12 0.11658653846153846 0.46875 0.23317307692307693 0.25961538461538464
12 0.31490384615384615 0.026442307692307692 0.22596153846153846 0.052884615384615384
12 0.3641826923076923 0.27524038461538464 0.3173076923076923 0.2620192307692308
12 0.5192307692307693 0.1141826923076923 0.3125 0.2283653846153846
12 0.5072115384615384 0.38461538461538464 0.2548076923076923 0.18509615384615385
12 0.6346153846153846 0.23918269230769232 0.2932692307692308 0.23317307692307693
12 0.5276442307692307 0.9423076923076923 0.2668269230769231 0.11538461538461539
12 0.7259615384615384 0.8653846153846154 0.25961538461538464 0.2692307692307692
12 0.8209134615384616 0.9783653846153846 0.2283653846153846 0.04326923076923077
12 0.8846153846153846 0.8161057692307693 0.1778846153846154 0.23317307692307693
