12 0.22235576923076922 0.890625 0.31490384615384615 0.21875
12 0.15384615384615385 0.65625 0.2932692307692308 0.31490384615384615
12 0.30649038461538464 0.7091346153846154 0.3173076923076923 0.33413461538461536
12 0.17307692307692307 0.20072115384615385 0.27884615384615385 0.2860576923076923
12 0.25240384615384615 0.39302884615384615 0.21875 0.20192307692307693
12 0.40384615384615385 0.49399038461538464 0.25721153846153844 0.27163461538461536
12 0.5649038461538461 0.8329326923076923 0.39903846153846156 0.33413461538461536
12 0.6177884615384616 0.3701923076923077 0.38461538461538464 0.38221153846153844
12 0.71875 0.6021634615384616 0.25240384615384615 0.24519230769230768
12 0.8701923076923077 0.7211538461538461 0.25961538461538464 0.34615384615384615
12 0.8774038461538461 0.4675480769230769 0.24519230769230768 0.3245192307692308
12 0.44350961538461536 0.9603365384615384 0.15625 0.07932692307692307
12 0.7932692307692307 0.8810096153846154 0.1971153846153846 0.16105769230769232
