12 0.46274038461538464 0.8882211538461539 0.23798076923076922 0.22355769230769232
12 0.9555288461538461 0.7680288461538461 0.07692307692307693 0.22115384615384615
12 0.6971153846153846 0.6730769230769231 0.23317307692307693 0.2956730769230769
12 0.890625 0.5480769230769231 0.21875 0.2932692307692308
12 0.6153846153846154 0.5120192307692307 0.16105769230769232 0.2403846153846154
12 0.78125 0.41225961538461536 0.20673076923076922 0.2764423076923077
12 0.056490384615384616 0.39302884615384615 0.11298076923076923 0.25721153846153844
12 0.17427884615384615 0.21153846153846154 0.25721153846153844 0.23557692307692307
12 0.051682692307692304 0.10216346153846154 0.08413461538461539 0.20432692307692307
12 0.2536057692307692 0.07211538461538461 0.21875 0.14423076923076922
