12 0.828125 0.8966346153846154 0.23076923076923078 0.1778846153846154
12 0.5997596153846154 0.9146634615384616 0.2620192307692308 0.17067307692307693
12 0.6141826923076923 0.6766826923076923 0.27884615384615385 0.3004807692307692
12 0.8701923076923077 0.6875 0.23076923076923078 0.2644230769230769
12 0.9134615384615384 0.4182692307692308 0.17307692307692307 0.27403846153846156
12 0.234375 0.3581730769230769 0.21634615384615385 0.3004807692307692
12 0.44711538461538464 0.2800480769230769 0.2548076923076923 0.31009615384615385
12 0.6899038461538461 0.359375 0.23798076923076922 0.28365384615384615
12 0.8497596153846154 0.18509615384615385 0.2283653846153846 0.2692307692307692
12 0.7560096153846154 0.04326923076923077 0.24278846153846154 0.08653846153846154
