12 0.23557692307692307 0.10697115384615384 0.3125 0.21394230769230768
12 0.5168269230769231 0.1346153846153846 0.3173076923076923 0.2692307692307692
12 0.4014423076923077 0.23317307692307693 0.3389423076923077 0.31971153846153844
12 0.8858173076923077 0.3449519230769231 0.2283653846153846 0.28125
12 0.7079326923076923 0.328125 0.20432692307692307 0.22115384615384615
12 0.5492788461538461 0.4170673076923077 0.27403846153846156 0.2620192307692308
12 0.171875 0.40024038461538464 0.34375 0.4014423076923077
12 0.5625 0.6646634615384616 0.38461538461538464 0.3894230769230769
12 0.3088942307692308 0.6478365384615384 0.24759615384615385 0.2548076923076923
12 0.14423076923076922 0.7620192307692307 0.28846153846153844 0.34134615384615385
12 0.34975961538461536 0.8617788461538461 0.3293269230769231 0.2764423076923077
12 0.09735576923076923 0.23076923076923078 0.11778846153846154 0.15625
12 0.054086538461538464 0.5865384615384616 0.10817307692307693 0.1971153846153846
