0 0.34453125 0.26953125 0.6890625 0.5390625
0 0.02265625 0.9015625 0.0453125 0.109375
0 0.125 0.909375 0.15078125 0.11015625
0 0.246875 0.78046875 0.134375 0.10390625
0 0.24375 0.628125 0.1078125 0.09921875
0 0.27578125 0.565625 0.0609375 0.053125
0 0.1359375 0.68515625 0.0875 0.07578125
0 0.15390625 0.6453125 0.05703125 0.04921875
0 0.2875 0.6703125 0.06484375 0.0625
0 0.50703125 0.8171875 0.14375 0.10859375
0 0.50390625 0.6296875 0.10390625 0.075
0 0.6171875 0.58984375 0.13125 0.1015625
0 0.71953125 0.81484375 0.0609375 0.3703125
0 0.8546875 0.71953125 0.23125 0.3609375
0 0.809375 0.8875 0.196875 0.225
