0 0.375 0.259375 0.25 0.51875
0 0.85 0.259375 0.3 0.51875
0 0.478125 0.5890625 0.04375 0.140625
0 0.47890625 0.678125 0.0421875 0.065625
0 0.2328125 0.909375 0.075 0.1
0 0.0859375 0.67109375 0.05 0.06875
0 0.9453125 0.940625 0.109375 0.11875
0 0.8078125 0.896875 0.10625 0.14921875
0 0.78515625 0.7140625 0.11875 0.153125
0 0.59921875 0.734375 0.08828125 0.13125
0 0.62890625 0.8546875 0.0890625 0.10546875
0 0.671875 0.56875 0.06640625 0.096875
0 0.77109375 0.59296875 0.0546875 0.0671875
0 0.6765625 0.66953125 0.07265625 0.0703125
0 0.60703125 0.65078125 0.06875 0.06796875
0 0.5109375 0.53203125 0.021875 0.0265625
0 0.5609375 0.98046875 0.040625 0.0390625
