0 0.309375 0.25703125 0.61875 0.4453125
0 0.85859375 0.21484375 0.2828125 0.4296875
0 0.33515625 0.7234375 0.13984375 0.21328125
0 0.17890625 0.63671875 0.1125 0.15234375
0 0.4296875 0.7671875 0.065625 0.1109375
0 0.01953125 0.59296875 0.0390625 0.1140625
0 0.0734375 0.79453125 0.0921875 0.13203125
0 0.11328125 0.91796875 0.10234375 0.1453125
0 0.50234375 0.96328125 0.0734375 0.0734375
0 0.15 0.5078125 0.115625 0.05625
0 0.0046875 0.6671875 0.009375 0.04375
0 0.73984375 0.88515625 0.2421875 0.2296875
0 0.89765625 0.84296875 0.2046875 0.3140625
