0 0.15390625 0.25703125 0.3078125 0.2453125
0 0.759375 0.171875 0.48125 0.34375
0 0.43125 0.7484375 0.1578125 0.10859375
0 0.128125 0.75859375 0.1390625 0.11171875
0 0.2546875 0.91640625 0.14453125 0.1109375
0 0.43828125 0.9546875 0.1609375 0.090625
0 0.2328125 0.409375 0.14375 0.059375
0 0.26484375 0.57890625 0.134375 0.03125
0 0.45 0.60390625 0.1375 0.1078125
0 0.24140625 0.6640625 0.16015625 0.09296875
0 0.49453125 0.69375 0.0484375 0.115625
0 0.21328125 0.98515625 0.1359375 0.0296875
0 0.128125 0.95 0.1109375 0.07578125
0 0.54921875 0.671875 0.0609375 0.078125
0 0.73203125 0.9046875 0.06875 0.0859375
0 0.67109375 0.9625 0.0703125 0.075
0 0.8171875 0.98359375 0.071875 0.0328125
