9 0.15546875 0.165625 0.20859375 0.16015625
9 0.53984375 0.47734375 0.20859375 0.19375
9 0.5328125 0.17109375 0.190625 0.15625
9 0.321875 0.65390625 0.225 0.1875
9 0.5359375 0.65390625 0.22578125 0.18046875
9 0.70859375 0.14921875 0.1875 0.1375
9 0.11484375 0.64921875 0.21640625 0.17890625
9 0.5140625 0.80703125 0.215625 0.13046875
9 0.1421875 0.31015625 0.215625 0.17734375
9 0.33515625 0.4765625 0.21015625 0.17421875
9 0.12421875 0.47578125 0.215625 0.16796875
9 0.09296875 0.796875 0.1859375 0.19375
9 0.72890625 0.44765625 0.19609375 0.2
9 0.9125 0.6234375 0.16875 0.19453125
9 0.28359375 0.80546875 0.21015625 0.14296875
9 0.7171875 0.29140625 0.184375 0.171875
9 0.91484375 0.79921875 0.16796875 0.1625
9 0.34453125 0.31796875 0.20859375 0.15859375
9 0.3609375 0.17265625 0.221875 0.14296875
9 0.90859375 0.425 0.17421875 0.17890625
9 0.5421875 0.315625 0.17578125 0.1625
9 0.89375 0.15078125 0.18984375 0.17109375
9 0.73984375 0.63046875 0.18671875 0.19140625
9 0.89921875 0.28515625 0.178125 0.16328125
9 0.73359375 0.790625 0.19765625 0.16875
