0 0.71015625 0.25 0.1765625 0.31875
0 0.234375 0.7046875 0.46875 0.590625
0 0.6484375 0.89921875 0.128125 0.2015625
0 0.48046875 0.809375 0.0234375 0.15
0 0.78359375 0.8140625 0.1484375 0.25
0 0.7875 0.95703125 0.125 0.0859375
0 0.86640625 0.4359375 0.1046875 0.053125
0 0.65703125 0.51875 0.1296875 0.21875
0 0.65234375 0.70390625 0.14609375 0.190625
0 0.58515625 0.7296875 0.08515625 0.1421875
0 0.55859375 0.91640625 0.0921875 0.1671875
0 0.96171875 0.5078125 0.0765625 0.10625
0 0.84375 0.60390625 0.1046875 0.1875
0 0.9765625 0.771875 0.034375 0.05390625
0 0.87265625 0.9515625 0.0671875 0.096875
0 0.87109375 0.5015625 0.0984375 0.1515625
