0 0.28203125 0.2359375 0.1296875 0.246875
0 0.609375 0.45 0.059375 0.178125
0 0.7 0.2265625 0.121875 0.453125
0 0.8703125 0.1828125 0.259375 0.365625
0 0.8203125 0.41875 0.359375 0.240625
0 0.31640625 0.5796875 0.0515625 0.08125
0 0.26484375 0.6265625 0.0734375 0.1609375
0 0.2140625 0.6703125 0.0625 0.14140625
0 0.39609375 0.71328125 0.0796875 0.14453125
0 0.5953125 0.8421875 0.04375 0.09140625
0 0.2546875 0.84765625 0.08125 0.13046875
0 0.61953125 0.93203125 0.0390625 0.1171875
0 0.69375 0.66015625 0.109375 0.2421875
0 0.8828125 0.609375 0.234375 0.140625
0 0.815625 0.8578125 0.240625 0.284375
