0 0.14453125 0.284375 0.2890625 0.56875
0 0.61796875 0.4390625 0.1375 0.2046875
0 0.465625 0.3515625 0.10625 0.14921875
0 0.44296875 0.16875 0.11875 0.153125
0 0.31015625 0.30859375 0.0421875 0.1046875
0 0.32890625 0.0359375 0.0671875 0.071875
0 0.42890625 0.04765625 0.0546875 0.0671875
0 0.3640625 0.5015625 0.09453125 0.12578125
0 0.334375 0.12421875 0.07265625 0.0703125
0 0.05546875 0.784375 0.1109375 0.43125
0 0.55078125 0.75234375 0.14296875 0.27421875
0 0.584375 0.93984375 0.159375 0.1203125
0 0.7453125 0.825 0.14296875 0.25
