0 0.33203125 0.134375 0.4734375 0.26875
0 0.0828125 0.06796875 0.165625 0.1359375
0 0.78125 0.23984375 0.425 0.0578125
0 0.440625 0.48828125 0.065625 0.1609375
0 0.36796875 0.50234375 0.0828125 0.11640625
0 0.16015625 0.51640625 0.0515625 0.11640625
0 0.3 0.5984375 0.06875 0.14140625
0 0.0953125 0.6546875 0.04140625 0.1234375
0 0.025 0.68046875 0.05 0.1859375
0 0.47734375 0.79375 0.0984375 0.178125
0 0.0359375 0.8453125 0.071875 0.103125
0 0.24765625 0.86640625 0.0828125 0.1390625
0 0.30703125 0.96015625 0.0796875 0.0796875
0 0.3609375 0.290625 0.075 0.04375
0 0.86328125 0.746875 0.1171875 0.09375
0 0.62734375 0.85859375 0.1171875 0.0984375
0 0.76015625 0.8640625 0.1421875 0.0953125
0 0.859375 0.60859375 0.09609375 0.08828125
0 0.76640625 0.653125 0.0890625 0.09140625
0 0.9625 0.39140625 0.075 0.0796875
