0 0.23125 0.33046875 0.45625 0.4984375
0 0.5671875 0.04140625 0.075 0.0828125
0 0.57265625 0.234375 0.06640625 0.10390625
0 0.565625 0.38046875 0.0484375 0.078125
0 0.83671875 0.42734375 0.16328125 0.29140625
0 0.9734375 0.06875 0.053125 0.1375
0 0.56640625 0.52890625 0.05859375 0.09375
0 0.2359375 0.78359375 0.259375 0.4078125
0 0.33671875 0.68203125 0.1015625 0.2046875
0 0.43359375 0.83515625 0.0515625 0.2421875
0 0.0765625 0.92421875 0.153125 0.1515625
0 0.7296875 0.78984375 0.540625 0.4203125
