9 0.52109375 0.4515625 0.3375 0.2859375
9 0.86484375 0.359375 0.26796875 0.25625
9 0.48203125 0.19140625 0.25234375 0.25703125
9 0.7328125 0.628125 0.28828125 0.328125
9 0.225 0.24609375 0.2453125 0.31328125
9 0.37109375 0.85078125 0.26640625 0.2796875
9 0.93671875 0.58828125 0.12421875 0.27421875
9 0.7484375 0.16484375 0.3015625 0.275
9 0.09453125 0.7609375 0.1890625 0.31875
9 0.6859375 0.88984375 0.2375 0.21875
9 0.2390625 0.5546875 0.278125 0.31015625
9 0.075 0.35703125 0.1484375 0.253125
9 0.05546875 0.1453125 0.1109375 0.25390625
9 0.959375 0.146875 0.0796875 0.2328125
9 0.484375 0.66796875 0.2296875 0.20234375
9 0.4734375 0.9203125 0.19921875 0.15703125
9 0.88984375 0.84140625 0.2171875 0.27578125
9 0.34453125 0.37109375 0.171875 0.16875
9 0.65703125 0.3765625 0.1734375 0.2171875
9 0.19765625 0.9125 0.2453125 0.17265625
9 0.9203125 0.040625 0.1578125 0.08125
9 0.04609375 0.5375 0.0921875 0.196875
9 0.95390625 0.98203125 0.08984375 0.03359375
9 0.4609375 0.04609375 0.27578125 0.0921875
9 0.9859375 0.803125 0.0265625 0.13984375
9 0.04453125 0.95703125 0.0890625 0.08359375
9 0.5 0.5 0.99921875 0.99921875
9 0.7015625 0.0671875 0.2953125 0.13359375
9 0.24453125 0.12109375 0.25546875 0.1859375
9 0.0890625 0.0421875 0.175 0.084375
