9 0.0859375 0.12265625 0.171875 0.2453125
9 0.88125 0.14296875 0.2359375 0.28515625
9 0.09140625 0.3875 0.1828125 0.35625
9 0.47109375 0.34296875 0.2375 0.3890625
9 0.11484375 0.8265625 0.2296875 0.2953125
9 0.8359375 0.80078125 0.26875 0.39453125
9 0.25625 0.68046875 0.19296875 0.35546875
9 0.72890625 0.44609375 0.26484375 0.51953125
9 0.4546875 0.09765625 0.175 0.1953125
9 0.253125 0.409375 0.128125 0.20390625
9 0.92265625 0.45 0.1515625 0.3171875
9 0.6390625 0.76875 0.25078125 0.45625
9 0.95703125 0.64296875 0.08515625 0.315625
9 0.2703125 0.21015625 0.21875 0.4171875
9 0.27734375 0.91875 0.20859375 0.16171875
9 0.471875 0.615625 0.16015625 0.328125
9 0.3828125 0.85703125 0.17109375 0.27421875
9 0.3734375 0.5203125 0.08671875 0.26484375
9 0.67421875 0.94921875 0.1109375 0.10078125
9 0.68515625 0.14375 0.1984375 0.2875
9 0.55 0.04765625 0.0828125 0.0953125
9 0.3078125 0.0390625 0.12578125 0.078125
9 0.47421875 0.89296875 0.1109375 0.21171875
9 0.1125 0.51484375 0.18125 0.24921875
9 0.3375 0.353125 0.071875 0.20625
9 0.825 0.296875 0.10390625 0.12734375
9 0.63671875 0.46484375 0.0796875 0.18125
9 0.034375 0.63984375 0.06796875 0.16640625
9 0.36953125 0.696875 0.06875 0.10703125
9 0.515625 0.78125 0.0515625 0.13828125
9 0.6234375 0.22109375 0.203125 0.315625
