9 0.48125 0.13515625 0.3140625 0.2703125
9 0.65234375 0.36171875 0.3 0.29609375
9 0.36171875 0.30234375 0.34765625 0.33203125
9 0.26484375 0.5703125 0.3296875 0.284375
9 0.91015625 0.44921875 0.17578125 0.24609375
9 0.17734375 0.23671875 0.1859375 0.165625
9 0.76796875 0.290625 0.27578125 0.23828125
9 0.09609375 0.4203125 0.1921875 0.26796875
9 0.57265625 0.58984375 0.28984375 0.31171875
9 0.83515625 0.5453125 0.265625 0.2703125
9 0.525 0.83828125 0.42578125 0.15625
9 0.49921875 0.45625 0.99765625 0.91171875
