9 0.95390625 0.78046875 0.0890625 0.20234375
9 0.7234375 0.8953125 0.2671875 0.20859375
9 0.36328125 0.83671875 0.2734375 0.18359375
9 0.0234375 0.86953125 0.046875 0.171875
9 0.8046875 0.69765625 0.19609375 0.23671875
9 0.52109375 0.42421875 0.1515625 0.18203125
9 0.52109375 0.81328125 0.203125 0.22109375
9 0.5765625 0.66796875 0.20078125 0.2109375
9 0.1890625 0.709375 0.2125 0.1890625
9 0.4421875 0.528125 0.1640625 0.1734375
9 0.046875 0.73125 0.09296875 0.184375
9 0.29140625 0.5734375 0.159375 0.153125
9 0.3546875 0.7140625 0.20703125 0.14765625
9 0.83515625 0.34921875 0.17578125 0.17890625
9 0.12734375 0.6203125 0.1609375 0.1609375
9 0.64453125 0.18515625 0.203125 0.14765625
9 0.39296875 0.66328125 0.203125 0.1453125
9 0.68984375 0.60703125 0.1234375 0.22109375
9 0.665625 0.34140625 0.19609375 0.18671875
9 0.8078125 0.25234375 0.16484375 0.13046875
9 0.6359375 0.47265625 0.175 0.1515625
9 0.78828125 0.4734375 0.1484375 0.16171875
9 0.571875 0.546875 0.11171875 0.06171875
9 0.3125 0.52109375 0.1 0.04296875
