9 0.24609375 0.4546875 0.2203125 0.18984375
9 0.16953125 0.625 0.23359375 0.2171875
9 0.10703125 0.7953125 0.19609375 0.23515625
9 0.4953125 0.9015625 0.22109375 0.19375
9 0.3390625 0.7171875 0.12265625 0.2140625
9 0.9109375 0.85234375 0.1625 0.2453125
9 0.2703125 0.81328125 0.1421875 0.17890625
9 0.48671875 0.6578125 0.18125 0.1828125
9 0.7546875 0.2140625 0.09375 0.11640625
9 0.88984375 0.38828125 0.1171875 0.11640625
9 0.77265625 0.37578125 0.175 0.12890625
9 0.290625 0.2171875 0.11640625 0.13125
9 0.03203125 0.3578125 0.0640625 0.11640625
9 0.9109375 0.2859375 0.11484375 0.1703125
9 0.96640625 0.24765625 0.06484375 0.12734375
9 0.13203125 0.24453125 0.1109375 0.10625
9 0.82734375 0.5890625 0.15234375 0.10234375
9 0.8953125 0.95546875 0.13359375 0.0859375
9 0.0125 0.90234375 0.025 0.0671875
9 0.05546875 0.2015625 0.0984375 0.06015625
9 0.4890625 0.0390625 0.1375 0.078125
9 0.7296875 0.8234375 0.0828125 0.0625
9 0.15390625 0.0328125 0.1515625 0.065625
9 0.65078125 0.92734375 0.13125 0.1421875
9 0.34375 0.13046875 0.0625 0.0765625
9 0.7328125 0.86796875 0.11640625 0.15390625
