9 0.70390625 0.3328125 0.21796875 0.225
9 0.75546875 0.5375 0.19375 0.3015625
9 0.40703125 0.23125 0.16796875 0.2046875
9 0.6390625 0.6953125 0.16328125 0.26328125
9 0.55 0.171875 0.1671875 0.253125
9 0.37265625 0.621875 0.19609375 0.24296875
9 0.50625 0.615625 0.10703125 0.16484375
9 0.484375 0.3453125 0.07421875 0.096875
9 0.36796875 0.39765625 0.18359375 0.25078125
9 0.54765625 0.71796875 0.07578125 0.0890625
9 0.60859375 0.46953125 0.178125 0.26796875
9 0.56328125 0.43828125 0.578125 0.778125
9 0.54375 0.4484375 0.20234375 0.31875
