9 0.36484375 0.2515625 0.103125 0.1453125
9 0.684375 0.42265625 0.1140625 0.1125
9 0.33828125 0.4609375 0.11484375 0.228125
9 0.540625 0.49453125 0.125 0.1578125
9 0.3125 0.36328125 0.103125 0.14140625
9 0.46875 0.23984375 0.109375 0.109375
9 0.69375 0.25859375 0.15390625 0.2734375
9 0.75234375 0.34296875 0.0796875 0.1125
9 0.4140625 0.36015625 0.0859375 0.1625
9 0.61171875 0.48515625 0.03984375 0.08125
9 0.5796875 0.24765625 0.0859375 0.1859375
9 0.51015625 0.30625 0.1609375 0.234375
9 0.61875 0.40234375 0.06015625 0.09296875
9 0.44140625 0.4328125 0.11484375 0.1875
9 0.60078125 0.509375 0.06484375 0.13046875
