9 0.80234375 0.48828125 0.07265625 0.0546875
9 0.546875 0.91484375 0.09375 0.08203125
9 0.28984375 0.33515625 0.0859375 0.0703125
9 0.2828125 0.80234375 0.1078125 0.0875
9 0.034375 0.71171875 0.06796875 0.078125
9 0.4375 0.7765625 0.1109375 0.11015625
9 0.23828125 0.709375 0.12890625 0.0921875
9 0.45234375 0.60546875 0.115625 0.0984375
9 0.3421875 0.58203125 0.1109375 0.08984375
9 0.39453125 0.675 0.12265625 0.09609375
9 0.725 0.65390625 0.0796875 0.06953125
9 0.575 0.7515625 0.10390625 0.07421875
9 0.36640625 0.840625 0.09296875 0.07265625
9 0.64921875 0.440625 0.10390625 0.078125
9 0.55625 0.4015625 0.09765625 0.059375
9 0.16015625 0.50703125 0.109375 0.08046875
9 0.1171875 0.57578125 0.11015625 0.0765625
9 0.36953125 0.3625 0.109375 0.0765625
9 0.1890625 0.7796875 0.09765625 0.0796875
9 0.5328125 0.825 0.1171875 0.09453125
9 0.38984375 0.50625 0.12265625 0.09375
9 0.76015625 0.59375 0.071875 0.0734375
9 0.2484375 0.38984375 0.10703125 0.0703125
9 0.1 0.75625 0.10390625 0.07734375
9 0.053125 0.63984375 0.10625 0.0828125
9 0.64921875 0.79140625 0.0828125 0.07578125
9 0.55625 0.4640625 0.121875 0.07734375
9 0.34140625 0.74609375 0.109375 0.0859375
9 0.44921875 0.88046875 0.10390625 0.09375
9 0.6171875 0.85625 0.0796875 0.08828125
9 0.234375 0.56796875 0.11484375 0.084375
9 0.5578125 0.62734375 0.09609375 0.08828125
9 0.4359375 0.44375 0.121875 0.09296875
9 0.59296875 0.56796875 0.0921875 0.07265625
9 0.646875 0.6375 0.084375 0.07578125
9 0.32578125 0.42421875 0.103125 0.08046875
9 0.74609375 0.53125 0.084375 0.065625
9 0.28125 0.64296875 0.12109375 0.0890625
9 0.6296875 0.51015625 0.09765625 0.075
9 0.5046875 0.703125 0.10625 0.0828125
9 0.5 0.52890625 0.1078125 0.08828125
9 0.278125 0.4984375 0.11875 0.0875
9 0.68125 0.57421875 0.08984375 0.08203125
9 0.61640625 0.70234375 0.1046875 0.0671875
9 0.690625 0.7265625 0.0671875 0.0734375
9 0.20859375 0.4421875 0.09921875 0.08203125
9 0.1203125 0.6875 0.11328125 0.0796875
9 0.17734375 0.63203125 0.09921875 0.07890625
9 0.4203125 0.62734375 0.8390625 0.6578125
9 0.721875 0.48046875 0.0890625 0.06796875
9 0.46328125 0.3890625 0.09375 0.06015625
