9 0.2703125 0.69375 0.30625 0.2125
9 0.03515625 0.7328125 0.0703125 0.178125
9 0.77578125 0.815625 0.221875 0.2703125
9 0.840625 0.33828125 0.1109375 0.1453125
9 0.55078125 0.1109375 0.15625 0.1921875
9 0.37890625 0.878125 0.30234375 0.24140625
9 0.56875 0.6296875 0.190625 0.18046875
9 0.3796875 0.18203125 0.25390625 0.23203125
9 0.675 0.23828125 0.15625 0.15234375
9 0.81875 0.6578125 0.21328125 0.1703125
9 0.4859375 0.30078125 0.25625 0.23203125
9 0.684375 0.38203125 0.1078125 0.1515625
9 0.37890625 0.41171875 0.16015625 0.1765625
9 0.51640625 0.753125 0.25703125 0.25390625
9 0.63828125 0.515625 0.24765625 0.27890625
9 0.03125 0.42421875 0.06171875 0.12265625
9 0.49921875 0.4828125 0.075 0.14921875
9 0.43671875 0.49609375 0.1046875 0.165625
9 0.23203125 0.21953125 0.0796875 0.1671875
9 0.2828125 0.3234375 0.128125 0.146875
