9 0.61171875 0.64453125 0.12109375 0.23046875
9 0.8640625 0.890625 0.1484375 0.215625
9 0.4703125 0.62734375 0.0953125 0.19921875
9 0.34140625 0.5046875 0.05625 0.13671875
9 0.76953125 0.80234375 0.15234375 0.328125
9 0.82890625 0.03515625 0.04921875 0.0703125
9 0.31953125 0.40859375 0.05390625 0.11640625
9 0.2953125 0.7484375 0.0796875 0.15703125
9 0.20859375 0.69765625 0.06171875 0.11015625
9 0.2890625 0.50546875 0.053125 0.11015625
9 0.7421875 0.96015625 0.13125 0.07734375
9 0.75859375 0.4421875 0.12890625 0.37734375
9 0.8796875 0.578125 0.18203125 0.30859375
9 0.4203125 0.4078125 0.06484375 0.13828125
9 0.24921875 0.4953125 0.0375 0.09375
9 0.190625 0.478125 0.04140625 0.065625
9 0.2703125 0.8109375 0.04296875 0.1203125
9 0.221875 0.37578125 0.0390625 0.05859375
9 0.3578125 0.37421875 0.0375 0.08515625
9 0.103125 0.46640625 0.0546875 0.0875
