9 0.2125 0.8046875 0.38515625 0.2546875
9 0.678125 0.2640625 0.28515625 0.20234375
9 0.10390625 0.359375 0.2078125 0.2265625
9 0.27109375 0.65625 0.34609375 0.21015625
9 0.89296875 0.53984375 0.21171875 0.30703125
9 0.465625 0.2421875 0.165625 0.09375
9 0.5015625 0.375 0.3140625 0.23671875
9 0.73125 0.47734375 0.2421875 0.22734375
9 0.88359375 0.73125 0.18203125 0.13671875
9 0.06640625 0.59921875 0.1328125 0.2140625
9 0.88515625 0.3078125 0.22578125 0.1828125
9 0.61796875 0.68203125 0.39296875 0.40546875
9 0.246875 0.3125 0.121875 0.084375
9 0.95078125 0.3609375 0.096875 0.06953125
9 0.1578125 0.45859375 0.2671875 0.2140625
9 0.5 0.54375 0.996875 0.7484375
