0 0.225 0.26953125 0.45 0.5390625
0 0.59140625 0.278125 0.2828125 0.31875
0 0.865625 0.3890625 0.26875 0.3
0 0.62421875 0.50234375 0.3484375 0.0734375
0 0.20234375 0.959375 0.1234375 0.08125
0 0.15234375 0.728125 0.103125 0.11640625
0 0.09296875 0.58515625 0.0765625 0.0921875
0 0.1609375 0.8546875 0.090625 0.10390625
0 0.325 0.82265625 0.07265625 0.0890625
0 0.009375 0.715625 0.01875 0.115625
0 0.2859375 0.97734375 0.053125 0.0453125
0 0.08671875 0.859375 0.0734375 0.0953125
0 0.35703125 0.884375 0.0546875 0.06875
0 0.709375 0.76953125 0.51875 0.4609375
