16 0.146875 0.69140625 0.2390625 0.29140625
16 0.39921875 0.7015625 0.1703125 0.24609375
16 0.534375 0.71328125 0.190625 0.26796875
16 0.753125 0.6734375 0.15390625 0.3
16 0.834375 0.77578125 0.19921875 0.128125
16 0.91484375 0.68359375 0.16328125 0.27109375
16 0.83203125 0.24140625 0.27421875 0.24375
16 0.51640625 0.34609375 0.1515625 0.3015625
16 0.38125 0.37578125 0.128125 0.28046875
16 0.440625 0.45859375 0.0984375 0.1359375
16 0.50703125 0.45859375 0.0796875 0.1203125
16 0.16640625 0.1375 0.13984375 0.05859375
16 0.15546875 0.18828125 0.14140625 0.05390625
16 0.14921875 0.23828125 0.12109375 0.04765625
16 0.1390625 0.3453125 0.1984375 0.06171875
16 0.14140625 0.29296875 0.16953125 0.06640625
16 0.15 0.4015625 0.2 0.0765625
16 0.16640625 0.46484375 0.1421875 0.0734375
