9 0.16015625 0.821875 0.0625 0.103125
9 0.29453125 0.56328125 0.05625 0.10703125
9 0.00703125 0.65859375 0.0140625 0.08671875
9 0.3703125 0.4359375 0.0296875 0.071875
9 0.3546875 0.30078125 0.05625 0.06484375
9 0.171875 0.634375 0.05859375 0.08515625
9 0.39765625 0.68828125 0.025 0.04296875
9 0.3765625 0.6765625 0.0203125 0.03984375
9 0.3875 0.63203125 0.04765625 0.0765625
9 0.49609375 0.4984375 0.0328125 0.03984375
9 0.2453125 0.45546875 0.0453125 0.08515625
9 0.5640625 0.5625 0.0359375 0.06171875
9 0.34609375 0.60546875 0.03515625 0.06171875
9 0.3421875 0.44609375 0.03359375 0.06484375
9 0.309375 0.3953125 0.0390625 0.06640625
