9 0.2109375 0.7 0.05703125 0.04375
9 0.83359375 0.88125 0.03828125 0.025
9 0.56875 0.8796875 0.0546875 0.0359375
9 0.1140625 0.7578125 0.034375 0.028125
9 0.68359375 0.8640625 0.0359375 0.03125
9 0.7890625 0.875 0.03828125 0.0265625
9 0.79921875 0.8875 0.03671875 0.02109375
9 0.6140625 0.87421875 0.03671875 0.02578125
9 0.7578125 0.86875 0.02890625 0.01875
9 0.725 0.896875 0.03515625 0.01484375
9 0.725 0.88984375 0.03515625 0.028125
9 0.7140625 0.87734375 0.028125 0.025
9 0.07578125 0.75546875 0.02578125 0.02109375
9 0.6171875 0.89609375 0.04921875 0.025
