9 0.553125 0.93046875 0.040625 0.07421875
9 0.3296875 0.14921875 0.08203125 0.09921875
9 0.0984375 0.31484375 0.05078125 0.1109375
9 0.71328125 0.375 0.09140625 0.21796875
9 0.8375 0.628125 0.10703125 0.25703125
9 0.93359375 0.7734375 0.08828125 0.18984375
9 0.61640625 0.67265625 0.07421875 0.1828125
9 0.8609375 0.39375 0.09609375 0.221875
9 0.234375 0.878125 0.03359375 0.0671875
9 0.65703125 0.290625 0.0609375 0.13203125
9 0.96328125 0.653125 0.0703125 0.240625
9 0.76328125 0.528125 0.09921875 0.2546875
9 0.5515625 0.3390625 0.084375 0.1734375
9 0.6109375 0.4375 0.115625 0.16171875
9 0.15234375 0.415625 0.05234375 0.14140625
9 0.90390625 0.55546875 0.08828125 0.20859375
9 0.68828125 0.53046875 0.053125 0.115625
9 0.2 0.4203125 0.0640625 0.11796875
9 0.3265625 0.28359375 0.084375 0.11796875
9 0.03359375 0.35390625 0.04453125 0.07421875
9 0.75625 0.81484375 0.04453125 0.07421875
