9 0.2375 0.484375 0.0453125 0.0796875
9 0.8921875 0.07578125 0.078125 0.15078125
9 0.55078125 0.065625 0.03203125 0.03359375
9 0.96171875 0.11640625 0.05703125 0.0953125
9 0.5734375 0.10078125 0.03359375 0.06875
9 0.34765625 0.04296875 0.05859375 0.08203125
9 0.56328125 0.09296875 0.05703125 0.0890625
9 0.3 0.03203125 0.04296875 0.06015625
9 0.26015625 0.08125 0.06640625 0.1265625
9 0.30546875 0.15078125 0.071875 0.10234375
9 0.89140625 0.29296875 0.046875 0.07109375
9 0.3359375 0.4234375 0.0484375 0.08203125
