9 0.60625 0.21484375 0.0578125 0.115625
9 0.8234375 0.2625 0.05 0.0875
9 0.84140625 0.071875 0.05546875 0.12890625
9 0.5921875 0.059375 0.0609375 0.103125
9 0.8171875 0.81953125 0.05546875 0.09765625
9 0.65625 0.24375 0.04765625 0.08984375
9 0.665625 0.75390625 0.06328125 0.12109375
9 0.8 0.0421875 0.0625 0.075
9 0.7125 0.26796875 0.04609375 0.07734375
9 0.83984375 0.17421875 0.04765625 0.0953125
9 0.765625 0.096875 0.05234375 0.13125
9 0.21875 0.359375 0.01875 0.04921875
9 0.7578125 0.67890625 0.0671875 0.13125
9 0.7078125 0.63046875 0.0671875 0.146875
9 0.5984375 0.12890625 0.059375 0.07734375
9 0.821875 0.69296875 0.059375 0.1546875
9 0.74765625 0.9125 0.07421875 0.1546875
9 0.65625 0.06171875 0.05546875 0.10859375
9 0.77421875 0.2359375 0.059375 0.1625
9 0.6921875 0.84765625 0.0484375 0.10859375
9 0.72265625 0.771875 0.05390625 0.0796875
9 0.80390625 0.1625 0.04609375 0.12890625
9 0.6578125 0.153125 0.04296875 0.0796875
9 0.7625 0.82109375 0.05234375 0.1109375
9 0.73125 0.03984375 0.0515625 0.06953125
9 0.721875 0.6375 0.040625 0.10546875
9 0.79609375 0.75625 0.03515625 0.08515625
9 0.7375 0.7734375 0.22421875 0.4328125
9 0.71640625 0.10546875 0.04609375 0.11875
9 0.70703125 0.721875 0.03515625 0.06171875
9 0.7421875 0.228125 0.0296875 0.0953125
9 0.728125 0.8734375 0.03515625 0.0828125
9 0.68828125 0.115625 0.06328125 0.103125
9 0.72109375 0.1671875 0.3171875 0.3296875
9 0.69453125 0.2140625 0.05703125 0.11328125
