9 0.20390625 0.275 0.08203125 0.07734375
9 0.0765625 0.2296875 0.1265625 0.10703125
9 0.30078125 0.3828125 0.04375 0.040625
9 0.0375 0.071875 0.075 0.08515625
9 0.203125 0.484375 0.015625 0.0140625
9 0.36875 0.46796875 0.0390625 0.0375
9 0.25 0.3875 0.05625 0.059375
9 0.26953125 0.415625 0.04921875 0.05234375
9 0.2609375 0.33515625 0.0640625 0.0515625
9 0.3390625 0.4859375 0.040625 0.0390625
9 0.271875 0.0625 0.05 0.03046875
9 0.43125 0.4828125 0.0234375 0.02421875
9 0.37109375 0.49765625 0.03125 0.028125
9 0.3015625 0.4953125 0.01328125 0.0125
9 0.2453125 0.478125 0.01796875 0.0125
9 0.13671875 0.7171875 0.01328125 0.01328125
9 0.0828125 0.753125 0.02421875 0.0265625
9 0.240625 0.32890625 0.021875 0.0296875
9 0.090625 0.7515625 0.0484375 0.03046875
9 0.10625 0.4796875 0.021875 0.02265625
9 0.41015625 0.51015625 0.01796875 0.01875
9 0.2265625 0.4703125 0.009375 0.0078125
