9 0.5765625 0.27578125 0.1203125 0.159375
9 0.953125 0.2125 0.0828125 0.1140625
9 0.43984375 0.1890625 0.1296875 0.178125
9 0.48359375 0.3484375 0.109375 0.16171875
9 0.50859375 0.690625 0.13515625 0.25546875
9 0.27734375 0.4640625 0.16171875 0.1671875
9 0.3953125 0.58515625 0.115625 0.15234375
9 0.24296875 0.61015625 0.109375 0.18828125
9 0.49140625 0.50390625 0.121875 0.178125
9 0.1890625 0.2265625 0.1015625 0.1328125
9 0.34609375 0.7421875 0.171875 0.21640625
9 0.4515625 0.85703125 0.1890625 0.2328125
9 0.396875 0.4328125 0.1015625 0.153125
9 0.3640625 0.27890625 0.12890625 0.1578125
9 0.590625 0.43125 0.1234375 0.1953125
9 0.26953125 0.11484375 0.090625 0.1046875
9 0.6125 0.7078125 0.075 0.16953125
9 0.5734375 0.5828125 0.07890625 0.121875
9 0.7390625 0.471875 0.07578125 0.1234375
9 0.571875 0.840625 0.06484375 0.1328125
9 0.509375 0.25390625 0.034375 0.07109375
9 0.7328125 0.603125 0.0671875 0.09296875
9 0.6546875 0.6828125 0.1578125 0.22421875
9 0.66484375 0.3484375 0.1015625 0.06875
9 0.5 0.52578125 0.6265625 0.89765625
