9 0.74453125 0.66328125 0.03515625 0.06640625
9 0.0828125 0.5390625 0.034375 0.06328125
9 0.71796875 0.61015625 0.03125 0.071875
9 0.8 0.63359375 0.02265625 0.06640625
9 0.1390625 0.54140625 0.03203125 0.07578125
9 0.8 0.73984375 0.03984375 0.1015625
9 0.1140625 0.41796875 0.034375 0.0796875
9 0.19765625 0.59453125 0.02265625 0.05546875
9 0.85546875 0.6 0.034375 0.11875
9 0.6265625 0.58828125 0.021875 0.0609375
9 0.91875 0.70625 0.04375 0.1203125
9 0.203125 0.64140625 0.02265625 0.05
9 0.6765625 0.4796875 0.01796875 0.04453125
9 0.23984375 0.65078125 0.02578125 0.05703125
9 0.1640625 0.5984375 0.028125 0.078125
9 0.03828125 0.475 0.03359375 0.08671875
9 0.73359375 0.44296875 0.01640625 0.03359375
9 0.8671875 0.75703125 0.04921875 0.11484375
9 0.67109375 0.65 0.028125 0.05546875
9 0.88203125 0.63515625 0.034375 0.09609375
9 0.28671875 0.64296875 0.021875 0.0515625
9 0.09296875 0.48671875 0.03828125 0.078125
9 0.9203125 0.521875 0.040625 0.11484375
9 0.71015625 0.5046875 0.009375 0.04296875
9 0.69375 0.509375 0.02265625 0.06328125
9 0.759375 0.50546875 0.01640625 0.04453125
9 0.0640625 0.46484375 0.021875 0.0515625
9 0.16640625 0.50703125 0.02421875 0.040625
9 0.775 0.65078125 0.03125 0.0609375
9 0.1796875 0.53125 0.02578125 0.06328125
9 0.61640625 0.53046875 0.0125 0.028125
9 0.95390625 0.41640625 0.03359375 0.08125
9 0.85703125 0.475 0.028125 0.071875
9 0.77421875 0.38359375 0.02109375 0.04453125
9 0.71640625 0.51015625 0.02265625 0.05390625
9 0.60078125 0.58671875 0.02109375 0.0515625
9 0.76015625 0.49140625 0.025 0.071875
9 0.00390625 0.4328125 0.0078125 0.059375
9 0.00859375 0.4859375 0.01640625 0.08359375
