9 0.0859375 0.78046875 0.17109375 0.19296875
9 0.3921875 0.62109375 0.14765625 0.1171875
9 0.83671875 0.95390625 0.17578125 0.090625
9 0.78203125 0.6625 0.16171875 0.1234375
9 0.5984375 0.5734375 0.1296875 0.1015625
9 0.5984375 0.93984375 0.16171875 0.11796875
9 0.16953125 0.72265625 0.13984375 0.128125
9 0.72421875 0.8859375 0.19609375 0.16796875
9 0.76171875 0.75859375 0.17109375 0.15859375
9 0.3671875 0.72265625 0.14921875 0.15859375
9 0.9375 0.88828125 0.121875 0.15625
9 0.44453125 0.79296875 0.1578125 0.14609375
9 0.878125 0.8390625 0.14296875 0.13984375
9 0.2546875 0.95078125 0.13515625 0.096875
9 0.68515625 0.621875 0.1140625 0.10234375
9 0.2375 0.79921875 0.13984375 0.10859375
9 0.50234375 0.609375 0.09609375 0.0875
9 0.2703125 0.7078125 0.10546875 0.10234375
9 0.1828125 0.9078125 0.1296875 0.146875
9 0.309375 0.8484375 0.12578125 0.13359375
9 0.38515625 0.9078125 0.16171875 0.15625
9 0.559375 0.75546875 0.103125 0.09921875
9 0.49140625 0.6890625 0.0984375 0.1109375
9 0.621875 0.80234375 0.14296875 0.11875
9 0.64453125 0.70234375 0.1234375 0.0984375
9 0.4484375 0.97265625 0.14140625 0.053125
9 0.5765625 0.6609375 0.11796875 0.09296875
9 0.52109375 0.8859375 0.15078125 0.140625
9 0.95 0.7609375 0.0984375 0.11875
9 0.5 0.7609375 0.99609375 0.47578125
9 0.88671875 0.73671875 0.11171875 0.1
9 0.9859375 0.78984375 0.02578125 0.05234375
9 0.34921875 0.98828125 0.06484375 0.021875
