9 0.92421875 0.67421875 0.0515625 0.0625
9 0.69609375 0.32578125 0.025 0.05234375
9 0.3796875 0.4921875 0.03671875 0.03125
9 0.82109375 0.34140625 0.025 0.04140625
9 0.77421875 0.8921875 0.0515625 0.08046875
9 0.7171875 0.88125 0.06796875 0.11171875
9 0.7828125 0.75625 0.0484375 0.0703125
9 0.8234375 0.87890625 0.06015625 0.10703125
9 0.7359375 0.76796875 0.0484375 0.06796875
9 0.696875 0.81875 0.06640625 0.0859375
9 0.946875 0.775 0.03984375 0.04453125
9 0.67734375 0.28125 0.01796875 0.03125
9 0.7734375 0.95703125 0.06328125 0.0703125
9 0.81484375 0.95703125 0.03671875 0.0703125
9 0.83671875 0.74375 0.053125 0.06484375
9 0.7703125 0.8140625 0.296875 0.35703125
9 0.82578125 0.7875 0.0484375 0.06484375
9 0.77734375 0.81484375 0.075 0.08828125
9 0.740625 0.31796875 0.021875 0.046875
9 0.68984375 0.61484375 0.0296875 0.03671875
9 0.74296875 0.35546875 0.0234375 0.03359375
9 0.86640625 0.85390625 0.0703125 0.09921875
9 0.96328125 0.64296875 0.03359375 0.046875
9 0.85703125 0.9375 0.053125 0.08359375
9 0.6140625 0.20703125 0.021875 0.0234375
9 0.8703125 0.71640625 0.05 0.05234375
9 0.91640625 0.73671875 0.06015625 0.0625
9 0.76640625 0.3453125 0.0234375 0.04921875
9 0.7671875 0.69375 0.03828125 0.06015625
9 0.78515625 0.303125 0.0234375 0.03359375
9 0.7421875 0.71875 0.0515625 0.05703125
9 0.8078125 0.37734375 0.028125 0.03125
9 0.72734375 0.275 0.025 0.02890625
9 0.67109375 0.34609375 0.025 0.03125
9 0.8859375 0.665625 0.025 0.04921875
9 0.65078125 0.8515625 0.03828125 0.07265625
9 0.6640625 0.31484375 0.01796875 0.03125
9 0.61171875 0.6265625 0.03984375 0.04921875
9 0.78828125 0.34765625 0.0234375 0.0390625
9 0.75703125 0.31015625 0.01328125 0.03671875
9 0.6390625 0.34140625 0.01796875 0.03125
9 0.69296875 0.69921875 0.05 0.06015625
9 0.64609375 0.31875 0.01796875 0.02890625
9 0.79765625 0.3265625 0.025 0.02890625
9 0.7796875 0.37890625 0.0203125 0.02890625
9 0.709375 0.2875 0.01484375 0.0234375
9 0.653125 0.74609375 0.0234375 0.0546875
9 0.62421875 0.703125 0.04140625 0.078125
9 0.5984375 0.73203125 0.0203125 0.04140625
9 0.71015625 0.94765625 0.06640625 0.078125
9 0.6515625 0.63125 0.03984375 0.04453125
9 0.6921875 0.75234375 0.0515625 0.0625
9 0.60546875 0.66953125 0.03828125 0.03671875
