9 0.64296875 0.3375 0.0609375 0.08203125
9 0.775 0.48671875 0.04765625 0.096875
9 0.946875 0.61640625 0.04140625 0.08359375
9 0.659375 0.4046875 0.04375 0.06015625
9 0.85546875 0.5671875 0.06875 0.1484375
9 0.70703125 0.5953125 0.0390625 0.06640625
9 0.2296875 0.26015625 0.03125 0.0296875
9 0.240625 0.47265625 0.0234375 0.0453125
9 0.5953125 0.496875 0.04375 0.08359375
9 0.8578125 0.52890625 0.0640625 0.071875
9 0.5171875 0.484375 0.10625 0.178125
9 0.25390625 0.3640625 0.02734375 0.0453125
9 0.79765625 0.56484375 0.0578125 0.15
9 0.9625 0.596875 0.07265625 0.21328125
9 0.50703125 0.85078125 0.03125 0.0515625
9 0.55078125 0.45078125 0.0390625 0.06796875
9 0.54375 0.8203125 0.0203125 0.03359375
9 0.84921875 0.59765625 0.05625 0.08828125
9 0.7984375 0.6046875 0.04765625 0.06640625
9 0.65078125 0.5296875 0.1515625 0.19296875
