9 0.31796875 0.66171875 0.0375 0.07109375
9 0.01953125 0.6984375 0.0390625 0.08515625
9 0.62578125 0.15859375 0.01328125 0.0296875
9 0.25625 0.65546875 0.040625 0.07421875
9 0.0828125 0.62890625 0.03359375 0.0484375
9 0.6921875 0.81640625 0.0421875 0.10859375
9 0.046875 0.63125 0.03359375 0.06640625
9 0.08046875 0.7265625 0.0421875 0.0609375
9 0.521875 0.778125 0.04296875 0.08125
9 0.565625 0.7015625 0.03046875 0.06875
9 0.90859375 0.825 0.0609375 0.0953125
9 0.7421875 0.53359375 0.01953125 0.0359375
9 0.85546875 0.55625 0.0390625 0.08125
9 0.25546875 0.71171875 0.03984375 0.05859375
9 0.95234375 0.47265625 0.02109375 0.0234375
9 0.7640625 0.69453125 0.0453125 0.06015625
9 0.45234375 0.58359375 0.01640625 0.02734375
9 0.54765625 0.14609375 0.0109375 0.0234375
9 0.64296875 0.809375 0.059375 0.1140625
9 0.7578125 0.64921875 0.028125 0.06015625
9 0.29765625 0.16328125 0.0125 0.01875
9 0.98359375 0.803125 0.03046875 0.0953125
9 0.11796875 0.78046875 0.03984375 0.0609375
9 0.934375 0.128125 0.0140625 0.02890625
9 0.60078125 0.8140625 0.040625 0.10625
9 0.90625 0.12734375 0.0171875 0.03359375
9 0.15234375 0.7859375 0.0359375 0.0578125
9 0.38359375 0.16015625 0.009375 0.02265625
9 0.8015625 0.66015625 0.040625 0.05625
9 0.79609375 0.12421875 0.01640625 0.02734375
9 0.09921875 0.20390625 0.01953125 0.03515625
9 0.803125 0.49921875 0.03359375 0.0453125
9 0.5046875 0.13125 0.01015625 0.0171875
9 0.98828125 0.134375 0.0140625 0.0265625
9 0.69921875 0.40078125 0.01171875 0.02265625
9 0.734375 0.40625 0.01640625 0.01875
9 0.78671875 0.56796875 0.04140625 0.07890625
9 0.8046875 0.61171875 0.03828125 0.0515625
9 0.50703125 0.175 0.0109375 0.02734375
9 0.74140625 0.13046875 0.00859375 0.0203125
9 0.125 0.18671875 0.01015625 0.0203125
9 0.40390625 0.11875 0.01328125 0.0203125
9 0.5859375 0.39765625 0.0109375 0.0203125
9 0.08359375 0.41640625 0.01171875 0.02109375
9 0.35859375 0.1484375 0.01484375 0.02109375
9 0.184375 0.7140625 0.04609375 0.08125
9 0.21640625 0.13984375 0.01640625 0.01875
9 0.14765625 0.72578125 0.03984375 0.0828125
9 0.3453125 0.146875 0.009375 0.02109375
9 0.70546875 0.146875 0.0109375 0.0265625
9 0.47890625 0.19375 0.01171875 0.02265625
9 0.17421875 0.17734375 0.01171875 0.025
9 0.60546875 0.44375 0.01328125 0.01875
9 0.196875 0.815625 0.04609375 0.0640625
9 0.15078125 0.15546875 0.01328125 0.0203125
9 0.12734375 0.39765625 0.0125 0.0203125
9 0.65 0.48203125 0.01796875 0.0375
9 0.87578125 0.57578125 0.02734375 0.0546875
9 0.878125 0.9015625 0.0421875 0.0609375
9 0.0046875 0.64921875 0.009375 0.06015625
9 0.57734375 0.77578125 0.03671875 0.0828125
9 0.99296875 0.15859375 0.0125 0.02734375
