9 0.5 0.5 0.9984375 0.99921875
9 0.75859375 0.42890625 0.13515625 0.20859375
9 0.9203125 0.19375 0.15703125 0.228125
9 0.084375 0.13046875 0.16875 0.1765625
9 0.58984375 0.26484375 0.13359375 0.21328125
9 0.18125 0.6796875 0.1921875 0.18046875
9 0.49296875 0.33046875 0.134375 0.1828125
9 0.32890625 0.33203125 0.17734375 0.21796875
9 0.38046875 0.87265625 0.20234375 0.1859375
9 0.75859375 0.090625 0.1359375 0.18125
9 0.90078125 0.4484375 0.16484375 0.22734375
9 0.19765625 0.546875 0.1546875 0.1265625
9 0.021875 0.35078125 0.04375 0.2078125
9 0.8796875 0.084375 0.12421875 0.16875
9 0.67265625 0.7375 0.15859375 0.21328125
9 0.71875 0.32109375 0.1828125 0.21796875
9 0.4953125 0.4984375 0.1609375 0.17265625
9 0.9375 0.90390625 0.12265625 0.1890625
9 0.47890625 0.16796875 0.14921875 0.2625
9 0.63046875 0.509375 0.13359375 0.18671875
9 0.23125 0.74609375 0.171875 0.1453125
9 0.334375 0.0734375 0.12421875 0.146875
9 0.08515625 0.91640625 0.16953125 0.1640625
9 0.06796875 0.54140625 0.1359375 0.21171875
9 0.94140625 0.57109375 0.11484375 0.14140625
9 0.9703125 0.37734375 0.05703125 0.14765625
9 0.23359375 0.93359375 0.12890625 0.12890625
9 0.35859375 0.609375 0.15546875 0.203125
9 0.08515625 0.253125 0.16171875 0.09375
9 0.52578125 0.0921875 0.09765625 0.184375
9 0.509375 0.60859375 0.15390625 0.14453125
9 0.0609375 0.4140625 0.121875 0.14453125
9 0.70234375 0.60234375 0.1296875 0.1546875
9 0.371875 0.178125 0.103125 0.1421875
9 0.63671875 0.09765625 0.1234375 0.1953125
9 0.36875 0.45625 0.1359375 0.1671875
9 0.22265625 0.07890625 0.1046875 0.1578125
9 0.18203125 0.4109375 0.18046875 0.17109375
9 0.38671875 0.96875 0.10234375 0.059375
9 0.96484375 0.76953125 0.06875 0.16484375
9 0.57734375 0.6875 0.1046875 0.12265625
9 0.74765625 0.93671875 0.13828125 0.12265625
9 0.94375 0.71796875 0.1109375 0.19375
9 0.70703125 0.20234375 0.128125 0.12890625
9 0.81953125 0.728125 0.1546875 0.2640625
9 0.6078125 0.4015625 0.10625 0.1234375
9 0.4453125 0.059375 0.11875 0.11875
9 0.846875 0.9078125 0.14375 0.153125
9 0.83828125 0.61171875 0.1421875 0.16640625
9 0.88046875 0.3515625 0.12734375 0.11171875
9 0.8578125 0.2234375 0.10234375 0.15078125
9 0.08828125 0.80625 0.12421875 0.12421875
9 0.0453125 0.7671875 0.08984375 0.11328125
9 0.534375 0.79921875 0.11640625 0.11953125
9 0.44140625 0.72109375 0.17265625 0.16328125
9 0.9671875 0.0296875 0.0640625 0.059375
9 0.990625 0.47890625 0.01875 0.1046875
