9 0.565625 0.42109375 0.1203125 0.25234375
9 0.43125 0.45546875 0.13984375 0.27890625
9 0.48125 0.32578125 0.11484375 0.21484375
9 0.32109375 0.71171875 0.10625 0.20078125
9 0.23515625 0.3828125 0.09296875 0.16484375
9 0.365625 0.221875 0.05234375 0.1453125
9 0.43046875 0.6140625 0.0609375 0.1296875
9 0.25390625 0.6359375 0.08203125 0.18125
9 0.71015625 0.22265625 0.0546875 0.1546875
9 0.271875 0.30390625 0.071875 0.1453125
9 0.415625 0.19296875 0.06328125 0.13671875
9 0.37265625 0.66328125 0.07109375 0.21171875
9 0.45546875 0.14375 0.046875 0.12421875
9 0.31796875 0.53671875 0.084375 0.21640625
9 0.56015625 0.721875 0.1171875 0.24296875
9 0.62578125 0.3328125 0.06796875 0.16484375
9 0.67421875 0.54765625 0.1328125 0.16171875
9 0.653125 0.70078125 0.08515625 0.21484375
9 0.32578125 0.265625 0.046875 0.140625
9 0.628125 0.16640625 0.05625 0.16171875
9 0.5015625 0.4890625 0.025 0.11875
9 0.73828125 0.55390625 0.0703125 0.20234375
9 0.61328125 0.353125 0.0421875 0.128125
9 0.77734375 0.5171875 0.0640625 0.23828125
9 0.44453125 0.72734375 0.11875 0.23984375
9 0.64921875 0.2703125 0.0921875 0.16015625
