9 0.58359375 0.53515625 0.08125 0.09296875
9 0.35390625 0.78046875 0.0890625 0.08671875
9 0.6828125 0.6203125 0.1078125 0.09296875
9 0.5265625 0.43046875 0.07421875 0.09453125
9 0.7875 0.80234375 0.10234375 0.17265625
9 0.61484375 0.696875 0.0859375 0.09609375
9 0.79375 0.64609375 0.1234375 0.146875
9 0.365625 0.38046875 0.071875 0.10234375
9 0.6828125 0.79140625 0.09375 0.10546875
9 0.5921875 0.440625 0.0671875 0.09765625
9 0.13125 0.621875 0.0796875 0.0875
9 0.76640625 0.446875 0.06875 0.1125
9 0.1453125 0.72578125 0.078125 0.09375
9 0.49375 0.765625 0.078125 0.10859375
9 0.875 0.39140625 0.06640625 0.09140625
9 0.5546875 0.64140625 0.0765625 0.12578125
9 0.73125 0.2453125 0.06484375 0.078125
9 0.50078125 0.58671875 0.08125 0.09453125
9 0.6484375 0.3234375 0.08671875 0.09453125
9 0.2078125 0.28671875 0.05546875 0.06796875
9 0.25703125 0.58203125 0.084375 0.09453125
9 0.40859375 0.74609375 0.096875 0.11171875
9 0.67578125 0.21015625 0.075 0.065625
9 0.6984375 0.396875 0.07421875 0.07734375
9 0.15390625 0.30703125 0.0515625 0.06640625
9 0.70390625 0.71171875 0.09375 0.103125
9 0.725 0.48046875 0.0703125 0.11015625
9 0.1640625 0.24296875 0.06015625 0.07265625
9 0.559375 0.325 0.10859375 0.13984375
9 0.015625 0.46640625 0.03046875 0.07265625
9 0.446875 0.69609375 0.0609375 0.09765625
9 0.5015625 0.2984375 0.05703125 0.06953125
9 0.51875 0.24375 0.053125 0.05859375
9 0.0359375 0.64609375 0.07109375 0.10859375
9 0.73046875 0.8453125 0.10625 0.07421875
9 0.09140625 0.69140625 0.1 0.0875
9 0.09296875 0.58671875 0.078125 0.08125
9 0.434375 0.37578125 0.07109375 0.09140625
9 0.3578125 0.32578125 0.07109375 0.06171875
9 0.6640625 0.44296875 0.07890625 0.10078125
9 0.2953125 0.36015625 0.053125 0.078125
9 0.0265625 0.54140625 0.053125 0.0609375
9 0.8625 0.82109375 0.05703125 0.14296875
9 0.8578125 0.29921875 0.04765625 0.09296875
9 0.3 0.496875 0.075 0.08359375
9 0.9296875 0.70234375 0.08046875 0.10625
9 0.5625 0.77890625 0.06328125 0.10859375
9 0.7421875 0.35 0.06484375 0.09765625
9 0.5265625 0.82890625 0.053125 0.04921875
9 0.471875 0.26171875 0.06015625 0.084375
9 0.49375 0.50546875 0.06640625 0.10859375
9 0.275 0.43125 0.05859375 0.06640625
9 0.5 0.36171875 0.04765625 0.07421875
9 0.80546875 0.30703125 0.071875 0.11171875
9 0.4453125 0.3 0.07109375 0.09765625
9 0.6609375 0.52421875 0.08984375 0.10390625
9 0.9109375 0.79921875 0.06328125 0.08515625
9 0.746875 0.28984375 0.07265625 0.07109375
9 0.203125 0.63984375 0.06640625 0.08046875
9 0.58828125 0.61328125 0.0421875 0.07578125
9 0.859375 0.67890625 0.06015625 0.12734375
9 0.0265625 0.5828125 0.053125 0.0625
9 0.83671875 0.4890625 0.0765625 0.103125
9 0.46484375 0.42734375 0.0546875 0.09296875
9 0.453125 0.2328125 0.05859375 0.046875
9 0.084375 0.515625 0.06796875 0.07890625
9 0.21875 0.72109375 0.07578125 0.115625
9 0.7203125 0.55390625 0.0703125 0.08515625
9 0.08125 0.39765625 0.05703125 0.053125
9 0.21953125 0.39140625 0.1015625 0.08046875
9 0.365625 0.27265625 0.08203125 0.07578125
9 0.07265625 0.35390625 0.0265625 0.04453125
9 0.3671875 0.45390625 0.05703125 0.05625
9 0.1890625 0.36328125 0.06015625 0.05234375
9 0.8 0.24921875 0.0515625 0.04765625
9 0.9109375 0.6109375 0.08828125 0.103125
9 0.31640625 0.68828125 0.1 0.14453125
9 0.26796875 0.30390625 0.0625 0.0625
9 0.23125 0.33359375 0.05390625 0.06640625
9 0.8046875 0.409375 0.0609375 0.08359375
9 0.103125 0.35078125 0.03984375 0.05
9 0.31875 0.2578125 0.0515625 0.05703125
9 0.971875 0.746875 0.05546875 0.10390625
9 0.3078125 0.565625 0.05390625 0.05390625
9 0.390625 0.5484375 0.05390625 0.06796875
9 0.3203125 0.4078125 0.05078125 0.109375
9 0.4328125 0.80703125 0.053125 0.015625
9 0.1375 0.48515625 0.09375 0.12421875
9 0.6109375 0.78046875 0.06953125 0.13203125
9 0.4875 0.66640625 0.04921875 0.07578125
9 0.278125 0.746875 0.06796875 0.10234375
9 0.0125 0.7015625 0.025 0.07421875
9 0.809375 0.57109375 0.0640625 0.0625
9 0.1953125 0.48828125 0.06015625 0.09375
9 0.890625 0.303125 0.065625 0.0875
9 0.55859375 0.2859375 0.0546875 0.06171875
9 0.24609375 0.6640625 0.075 0.071875
9 0.6625 0.26171875 0.0546875 0.06171875
9 0.8953125 0.2671875 0.06328125 0.04921875
9 0.053125 0.4375 0.0546875 0.05390625
9 0.55 0.20546875 0.075 0.103125
9 0.1046875 0.30234375 0.046875 0.059375
9 0.415625 0.25234375 0.0515625 0.065625
9 0.4984375 0.5234375 0.99609375 0.73203125
9 0.1890625 0.6015625 0.05703125 0.06328125
9 0.1359375 0.40546875 0.06015625 0.05234375
9 0.41875 0.4859375 0.08671875 0.08671875
9 0.2296875 0.49921875 0.071875 0.090625
9 0.4171875 0.60234375 0.07109375 0.11171875
9 0.3375 0.590625 0.07734375 0.08359375
9 0.6015625 0.25390625 0.07421875 0.090625
